GAACCTGTTA 0.000000 0.098039 0.751634 0.150327
CGCGTGAACA 0.000000 0.275000 0.500000 0.225000
ACGACAGAGA 0.000000 0.271084 0.451807 0.277108
GTGCCATCAG 0.785714 0.071429 0.000000 0.142857
TACCGGTCGC 0.258621 0.000000 0.068966 0.672414
AACAAGACCG 0.657895 0.131579 0.000000 0.210526
TTCCATACCT 0.142857 0.555556 0.301587 0.000000
GACTACTCTC 0.409396 0.000000 0.181208 0.409396
CTGTCGATGA 0.000000 0.041667 0.916667 0.041667
CAGGGCAGTG 0.554217 0.168675 0.000000 0.277108
ACATCAAACA 0.000000 0.419355 0.354839 0.225806
TGTATCTACG 0.691781 0.123288 0.000000 0.184932
GAGACAGTCT 0.086957 0.856522 0.056522 0.000000
GTGTAGCTCG 0.693989 0.202186 0.000000 0.103825
TATGTACTCG 0.351190 0.101190 0.000000 0.547619
TGTCTGTGCT 0.209302 0.651163 0.139535 0.000000
TCGATGATAT 0.225806 0.483871 0.290323 0.000000
CATCTAGTGC 0.231250 0.000000 0.406250 0.362500
ATGTACGCGA 0.000000 0.095238 0.841270 0.063492
TCACGACTAT 0.361111 0.527778 0.111111 0.000000
GAACAAGCAG 0.670330 0.109890 0.000000 0.219780
GTGCGGATCA 0.000000 0.221429 0.642857 0.135714
TCATCATCCG 0.666667 0.120000 0.000000 0.213333
ATCAGTCAGT 0.125000 0.714286 0.160714 0.000000
CGTGTACGAT 0.112821 0.692308 0.194872 0.000000
ATGTCGTGTA 0.000000 0.349206 0.349206 0.301587
TGATCACAGT 0.140845 0.661972 0.197183 0.000000
CGTAGACGAA 0.000000 0.185185 0.555556 0.259259
TGTGCGAGAT 0.360544 0.251701 0.387755 0.000000
CAGACAGTCA 0.000000 0.081633 0.612245 0.306122
ACTCGACGTG 0.513158 0.342105 0.000000 0.144737
AACCTGTTAC 0.104478 0.000000 0.164179 0.731343
ACAAACCGAG 0.481481 0.197531 0.000000 0.320988
TACAGATCAT 0.130081 0.658537 0.211382 0.000000
CATGCATGAT 0.256410 0.358974 0.384615 0.000000
CGACACCGAC 0.187500 0.000000 0.093750 0.718750
TCGTAGCTCG 0.884146 0.048780 0.000000 0.067073
CAGACAAGGC 0.245455 0.000000 0.127273 0.627273
CACTCATGTC 0.237624 0.000000 0.445545 0.316832
CGCCATGCCG 0.780488 0.097561 0.000000 0.121951
GTACGTGTCA 0.000000 0.222222 0.323671 0.454106
CTACAGCGCA 0.000000 0.084615 0.800000 0.115385
GCGCAACACA 0.000000 0.192308 0.653846 0.153846
CTCAGGACCG 0.734375 0.109375 0.000000 0.156250
TCAGGCAGAC 0.047619 0.000000 0.238095 0.714286
GTGTAGCGCA 0.000000 0.300000 0.521429 0.178571
TCTCATGTAT 0.189873 0.487342 0.322785 0.000000
CAGACCACCG 0.674157 0.205993 0.000000 0.119850
GTCATGTATC 0.351220 0.000000 0.268293 0.380488
ATATGTAGAC 0.060606 0.000000 0.151515 0.787879
TAGATACCAG 0.500000 0.267717 0.000000 0.232283
CATCATTCGA 0.000000 0.142857 0.660714 0.196429
TGTACGATGT 0.183673 0.673469 0.142857 0.000000
AACGCGAATA 0.000000 0.255556 0.577778 0.166667
GTATCTCGTC 0.193548 0.000000 0.403226 0.403226
CGTCAGTGAG 0.677966 0.067797 0.000000 0.254237
CAGTAGTGAC 0.244444 0.000000 0.155556 0.600000
GTAGCTAGTG 0.404762 0.261905 0.000000 0.333333
ACCATGCCAT 0.429577 0.443662 0.126761 0.000000
ACGCTCACAG 0.774648 0.119718 0.000000 0.105634
GTAGTGCTAT 0.539683 0.349206 0.111111 0.000000
ACTGCGTGTC 0.148936 0.000000 0.212766 0.638298
TCATCGAACG 0.806452 0.096774 0.000000 0.096774
ACAGAGATAC 0.153061 0.000000 0.173469 0.673469
CAAACGAACA 0.000000 0.068182 0.659091 0.272727
TCAGACACTA 0.000000 0.461538 0.307692 0.230769
ACGTACACAG 0.691358 0.098765 0.000000 0.209877
GCATCAGGCG 0.589744 0.102564 0.000000 0.307692
ACTCGCGTGA 0.000000 0.017241 0.844828 0.137931
ACGACATCGT 0.314136 0.376963 0.308901 0.000000
CAAGCATATA 0.000000 0.047244 0.866142 0.086614
TTTAACCCTC 0.241379 0.000000 0.310345 0.448276
TATGGAATCA 0.000000 0.095238 0.698413 0.206349
TGAGCCTACT 0.151786 0.651786 0.196429 0.000000
GCGCACACTG 0.605634 0.338028 0.000000 0.056338
CGCTGCTATC 0.082569 0.000000 0.027523 0.889908
ATCGACTATC 0.154930 0.000000 0.098592 0.746479
AGCAGCGAAA 0.000000 0.062500 0.593750 0.343750
GCACGATGAC 0.225225 0.000000 0.225225 0.549550
TCTGATAGAT 0.268657 0.328358 0.402985 0.000000
TCTGTGCTCT 0.420455 0.420455 0.159091 0.000000
TTAGCAGCTG 0.443709 0.205298 0.000000 0.350993
GCCTACTAGA 0.000000 0.128205 0.743590 0.128205
CATAGTGCAA 0.000000 0.161765 0.463235 0.375000
GTCATCTAGC 0.304569 0.000000 0.203046 0.492386
ACAGACAGAT 0.346154 0.269231 0.384615 0.000000
TCGTGCTATC 0.204082 0.000000 0.102041 0.693878
ATAGATACAC 0.210526 0.000000 0.105263 0.684211
TACGTCTGCA 0.000000 0.054726 0.865672 0.079602
GCTCGTACGT 0.295918 0.551020 0.153061 0.000000
GTAGGCAAGA 0.000000 0.298701 0.441558 0.259740
GATCGTATGT 0.212121 0.557576 0.230303 0.000000
TGCACGTGAG 0.536797 0.220779 0.000000 0.242424
TGCAGACAGA 0.000000 0.125000 0.625000 0.250000
ACTGGGCAGT 0.234043 0.659574 0.106383 0.000000
TGCCCTGGCT 0.284483 0.383621 0.331897 0.000000
TGATGTCGTG 0.500000 0.266667 0.000000 0.233333
GAACGTAAAC 0.400000 0.000000 0.100000 0.500000
GAATAGTCAA 0.000000 0.250000 0.541667 0.208333
TTCATTCGAC 0.181818 0.000000 0.151515 0.666667
CAACAAGGCA 0.000000 0.186404 0.644737 0.168860
TAGGCAAGAC 0.150000 0.000000 0.250000 0.600000
TCAGACAGTC 0.315217 0.000000 0.217391 0.467391
CAGCGAAAGC 0.140625 0.000000 0.078125 0.781250
CACTCAGCAT 0.125683 0.606557 0.267760 0.000000
CCCCCCTGTC 0.261538 0.000000 0.471795 0.266667
CCCCCCCCCT 0.225694 0.402778 0.371528 0.000000
GGACTCATGT 0.277778 0.333333 0.388889 0.000000
GACAGACAGG 0.446970 0.219697 0.000000 0.333333
GCAGCTCGAG 0.314286 0.138776 0.000000 0.546939
TGACTGGCGA 0.000000 0.114754 0.459016 0.426230
TAGACCATTC 0.050000 0.000000 0.200000 0.750000
TTTCCCAATC 0.433526 0.000000 0.306358 0.260116
CAGCTCGAGT 0.169096 0.513120 0.317784 0.000000
TCGCCGAGCG 0.533333 0.111111 0.000000 0.355556
GAGCAGAGCG 0.352273 0.284091 0.000000 0.363636
GTCTGCAGTC 0.193548 0.000000 0.129032 0.677419
TGCAAGACTC 0.224490 0.000000 0.163265 0.612245
GTACGTGCGT 0.177778 0.511111 0.311111 0.000000
AGAGTCGTCA 0.000000 0.123457 0.790123 0.086420
TACTGTCGAC 0.428571 0.000000 0.028571 0.542857
AGGGCCTCGA 0.000000 0.068966 0.620690 0.310345
ACTCATGTCG 0.643243 0.189189 0.000000 0.167568
CTATCTACTG 0.685484 0.185484 0.000000 0.129032
GGACCGGACC 0.526316 0.000000 0.105263 0.368421
ATATATACCG 0.695364 0.178808 0.000000 0.125828
GTGATGTGCT 0.183908 0.735632 0.080460 0.000000
CACTAGTCAG 0.570025 0.174447 0.000000 0.255528
GCGCAGCTCA 0.000000 0.129534 0.629534 0.240933
GACATCATCC 0.296296 0.000000 0.296296 0.407407
AGTATCTCGT 0.369231 0.415385 0.215385 0.000000
CTAAGATATG 0.441860 0.441860 0.000000 0.116279
GCCTCGACGT 0.305556 0.435185 0.259259 0.000000
CATGTAGTCA 0.000000 0.290598 0.538462 0.170940
CATCCGATTC 0.373626 0.000000 0.186813 0.439560
GTGTCACTCA 0.000000 0.166667 0.622222 0.211111
TGTCCACGAC 0.238095 0.000000 0.261905 0.500000
TCGAACCAAT 0.225000 0.725000 0.050000 0.000000
AGCAGTATAT 0.202703 0.378378 0.418919 0.000000
ACAAAGTCTG 0.300000 0.646667 0.000000 0.053333
CCATCATCAG 0.466667 0.133333 0.000000 0.400000
TATCGATATC 0.216216 0.000000 0.216216 0.567568
CGCTCACTCA 0.000000 0.367347 0.275510 0.357143
ATGAACTCGA 0.000000 0.012658 0.924051 0.063291
CAGGGCAACA 0.000000 0.230769 0.476923 0.292308
GCAGAGCAGA 0.000000 0.200000 0.700000 0.100000
AGTGCGGATC 0.129032 0.000000 0.322581 0.548387
GTATGTGTAC 0.529412 0.000000 0.088235 0.382353
AGACTAAGAA 0.000000 0.264151 0.471698 0.264151
CGATATCTCT 0.171053 0.671053 0.157895 0.000000
TTCAGGACCA 0.000000 0.133333 0.466667 0.400000
AGCGCGTAGT 0.412698 0.444444 0.142857 0.000000
ATGCACGTGA 0.000000 0.109325 0.774920 0.115756
AGCTAGTACT 0.212766 0.510638 0.276596 0.000000
ACAGACATAC 0.307692 0.000000 0.222222 0.470085
TCAGGCAAGA 0.000000 0.428571 0.285714 0.285714
TCATCTGCAG 0.639810 0.170616 0.000000 0.189573
GAATAGATGA 0.000000 0.059524 0.547619 0.392857
ACTATATGCG 0.606061 0.196970 0.000000 0.196970
TATAGTCAGG 0.441176 0.352941 0.000000 0.205882
CATAGTGGAC 0.352941 0.000000 0.058824 0.588235
TCTGTCACTC 0.333333 0.000000 0.160494 0.506173
TGTCGCCGTA 0.000000 0.151163 0.744186 0.104651
TACTAGAACG 0.602941 0.132353 0.000000 0.264706
ATGTGCGAGA 0.000000 0.197080 0.394161 0.408759
GTGTCGTCTG 0.555556 0.271605 0.000000 0.172840
AGACTAGTTC 0.150943 0.000000 0.226415 0.622642
GCTATACCGT 0.307692 0.461538 0.230769 0.000000
ACCATCTCAG 0.516129 0.129032 0.000000 0.354839
GCTGAGCGAT 0.053279 0.745902 0.200820 0.000000
GAGATGTGAC 0.242798 0.000000 0.094650 0.662551
ACTGCAAGAC 0.224490 0.000000 0.173469 0.602041
CCCCCACCCT 0.135849 0.433962 0.430189 0.000000
ACATGCCCAA 0.000000 0.393617 0.361702 0.244681
CGTAGTGCTG 0.570552 0.116564 0.000000 0.312883
TCGCGCCTGC 0.348571 0.000000 0.148571 0.502857
CGCTCGACAG 0.780802 0.113181 0.000000 0.106017
GCGCGTTTAT 0.262032 0.486631 0.251337 0.000000
CCAGTATGAG 0.488372 0.186047 0.000000 0.325581
ACACGTATAC 0.164062 0.000000 0.246094 0.589844
CAATCCGGGG 0.673469 0.142857 0.000000 0.183673
GACTCGAACC 0.314741 0.000000 0.031873 0.653386
CGTAAGACCG 0.756757 0.141892 0.000000 0.101351
AGTATCACAT 0.181159 0.572464 0.246377 0.000000
TGCTCACTAG 0.818182 0.034091 0.000000 0.147727
CATGTCGCGT 0.406250 0.593750 0.000000 0.000000
TAGAGTGTGT 0.276786 0.366071 0.357143 0.000000
AGACTCGAAC 0.250000 0.000000 0.185185 0.564815
ATTACAGCTG 0.489796 0.204082 0.000000 0.306122
CATCAAACGA 0.000000 0.111111 0.833333 0.055556
AACGTAGTGA 0.000000 0.172414 0.678161 0.149425
GATAGGACAA 0.000000 0.100000 0.600000 0.300000
CAGCTCGCTG 0.500000 0.232143 0.000000 0.267857
TGCCATGAAC 0.260870 0.000000 0.108696 0.630435
CAGTCTGAGA 0.000000 0.167785 0.516779 0.315436
CCCGGGTCCT 0.502793 0.331471 0.165736 0.000000
ATTCCATCTG 0.640000 0.160000 0.000000 0.200000
CTAAGGTGGA 0.000000 0.255319 0.393617 0.351064
ATGAGTTTTA 0.000000 0.291866 0.459330 0.248804
TACAGCACAG 0.565217 0.188406 0.000000 0.246377
GTATCTACGC 0.277778 0.000000 0.133333 0.588889
TCTCATCATA 0.000000 0.222222 0.583333 0.194444
GCAACATAAG 0.519231 0.153846 0.000000 0.326923
ATATAGGACA 0.000000 0.090909 0.636364 0.272727
GCTCACAGAT 0.164706 0.529412 0.305882 0.000000
GTTCGACAGA 0.000000 0.190476 0.476190 0.333333
CTGGCTCGGT 0.244186 0.497674 0.258140 0.000000
TCTAGTGCAC 0.369792 0.000000 0.432292 0.197917
TTAGAACCTG 0.568966 0.275862 0.000000 0.155172
AACGGACCTG 0.544828 0.303448 0.000000 0.151724
CCTTGCCCTG 0.426415 0.313208 0.000000 0.260377
GTCTCTAGAT 0.093750 0.875000 0.031250 0.000000
TTCATTCAGA 0.000000 0.230769 0.646154 0.123077
GCTCGATGAT 0.285714 0.666667 0.047619 0.000000
TAGAGTCACT 0.112676 0.845070 0.042254 0.000000
TGTAGTCATC 0.144444 0.000000 0.305556 0.550000
TACGCAGCTC 0.148148 0.000000 0.159259 0.692593
TAGATCGTAC 0.578947 0.000000 0.063158 0.357895
TCCTAGCGCG 0.198020 0.331683 0.000000 0.470297
TGTACGTCTG 0.505747 0.195402 0.000000 0.298851
ACACAATTAA 0.000000 0.285714 0.250000 0.464286
ATGCGATAGT 0.307692 0.442308 0.250000 0.000000
ATACGGATCG 0.887931 0.043103 0.000000 0.068966
TCATCAAACG 0.651163 0.232558 0.000000 0.116279
TACGATAGTG 0.279279 0.360360 0.000000 0.360360
AGCTCTAGAG 0.750000 0.133333 0.000000 0.116667
GTGCTATCAC 0.370370 0.000000 0.055556 0.574074
AGTGACAGTG 0.586207 0.149425 0.000000 0.264368
TCTATCGACT 0.333333 0.555556 0.111111 0.000000
TCCATACCTC 0.050000 0.000000 0.383333 0.566667
ACGATATAGA 0.000000 0.196078 0.588235 0.215686
AACTCAGTGC 0.426829 0.000000 0.146341 0.426829
CGAGCAGCAC 0.323944 0.000000 0.169014 0.507042
AGACAAACGA 0.000000 0.062500 0.781250 0.156250
TACTGCGTGT 0.400000 0.485714 0.114286 0.000000
GCTGAGCTAC 0.239726 0.000000 0.226027 0.534247
CTGTCAGCTG 0.400000 0.200000 0.000000 0.400000
CTGTGACTTT 0.128472 0.552083 0.319444 0.000000
TATATGCGAG 0.614286 0.042857 0.000000 0.342857
AGTCATCCTC 0.111111 0.000000 0.492063 0.396825
AAAACAGAAT 0.089286 0.660714 0.250000 0.000000
CATGCCATCA 0.000000 0.250000 0.583333 0.166667
ATAGACACTC 0.232877 0.000000 0.315068 0.452055
ACTACAATTC 0.175573 0.000000 0.213740 0.610687
ACAATCCGGG 0.535714 0.035714 0.000000 0.428571
GAGCATCAGG 0.625000 0.050000 0.000000 0.325000
GGATATAGGA 0.000000 0.210526 0.210526 0.578947
GATATCGAAC 0.185185 0.000000 0.466667 0.348148
TCACATCGCG 0.529070 0.360465 0.000000 0.110465
CGTAGGGCAT 0.150685 0.616438 0.232877 0.000000
GAACAGTCGC 0.206349 0.000000 0.182540 0.611111
TGATAGTGTG 0.611111 0.250000 0.000000 0.138889
ATCTAGTATA 0.000000 0.219512 0.691057 0.089431
TAGCGCATGT 0.225455 0.538182 0.236364 0.000000
ATGTATCGTG 0.600000 0.163636 0.000000 0.236364
CAAGCAGAAT 0.243478 0.452174 0.304348 0.000000
TGTGAGTGTC 0.147059 0.000000 0.102941 0.750000
AGATAAGGCC 0.218750 0.000000 0.195312 0.585938
ACAGTGTCAC 0.327273 0.000000 0.181818 0.490909
GGTCGCGCAG 0.689655 0.155172 0.000000 0.155172
TACGCGAATG 0.826087 0.130435 0.000000 0.043478
TAGAGTCGTC 0.108696 0.000000 0.282609 0.608696
CTGTCTGATG 0.592593 0.250000 0.000000 0.157407
ACAGACAGGG 0.512605 0.193277 0.000000 0.294118
CTGTCATAGA 0.000000 0.208333 0.562500 0.229167
ATATGCGCGT 0.396226 0.377358 0.226415 0.000000
GACGTATGAT 0.172414 0.482759 0.344828 0.000000
CGTGTAGACG 0.666667 0.185185 0.000000 0.148148
CTCGTGTCGT 0.168675 0.734940 0.096386 0.000000
GAGTGTGTTC 0.147773 0.000000 0.190283 0.661943
TCAAGGGCCT 0.055556 0.898148 0.046296 0.000000
ACATATCAGA 0.000000 0.214286 0.542857 0.242857
GCTCACATAC 0.126582 0.000000 0.189873 0.683544
AGTGAATGCC 0.259259 0.000000 0.100529 0.640212
CAGACCATCT 0.130435 0.782609 0.086957 0.000000
AGGTTCGTAG 0.531250 0.093750 0.000000 0.375000
TACAGTAGTA 0.000000 0.112676 0.795775 0.091549
AGCAGAATGT 0.265625 0.354167 0.380208 0.000000
ATGTGCTCGT 0.222222 0.500000 0.277778 0.000000
ACCGAGTCCC 0.258687 0.000000 0.405405 0.335907
ATGTAGGCAA 0.000000 0.311828 0.462366 0.225806
AGAGACTAGA 0.000000 0.310924 0.487395 0.201681
GATAGTATGA 0.000000 0.181818 0.681818 0.136364
ATCAGTCTGT 0.134021 0.608247 0.257732 0.000000
CGATAGTACG 0.290323 0.193548 0.000000 0.516129
ATCATAGGAC 0.372093 0.000000 0.279070 0.348837
CAGTCGTACA 0.000000 0.084211 0.726316 0.189474
AAGGCCGACT 0.196078 0.725490 0.078431 0.000000
ATCATATGAG 0.378378 0.243243 0.000000 0.378378
CTGTCGCGTC 0.140625 0.000000 0.234375 0.625000
TGATGTACTG 0.582090 0.223881 0.000000 0.194030
CGCGTCGACT 0.113924 0.835443 0.050633 0.000000
ACTGAGCCAT 0.325581 0.476744 0.197674 0.000000
AGTGACTGAT 0.145833 0.645833 0.208333 0.000000
CCATCATAGG 0.402299 0.218391 0.000000 0.379310
TCTCGATCGC 0.179487 0.000000 0.192308 0.628205
GACTCGACAG 0.387097 0.161290 0.000000 0.451613
GTTCGACATA 0.000000 0.200000 0.684848 0.115152
CGTGTACGTG 0.560976 0.195122 0.000000 0.243902
AGAGATCGAC 0.140625 0.000000 0.151042 0.708333
CGACAAACAC 0.377551 0.000000 0.214286 0.408163
GCCTCGTGAG 0.415638 0.353909 0.000000 0.230453
TCTGTCGATG 0.795455 0.113636 0.000000 0.090909
GACGATCTCA 0.000000 0.303867 0.541436 0.154696
CGCGGACTCA 0.000000 0.285714 0.500000 0.214286
CACTCTACTC 0.105263 0.000000 0.355263 0.539474
GGACATCATG 0.587629 0.257732 0.000000 0.154639
GGATGTGAAC 0.166667 0.000000 0.208333 0.625000
TCAGACTCGA 0.000000 0.132075 0.726415 0.141509
AACATGCGGA 0.000000 0.111111 0.305556 0.583333
CATCGATACT 0.102740 0.750000 0.147260 0.000000
GGGATCGCTC 0.286184 0.000000 0.131579 0.582237
CGCCGAACGT 0.122302 0.784173 0.093525 0.000000
TTTTGACTGG 0.392857 0.464286 0.000000 0.142857
TACTGATACG 0.484848 0.348485 0.000000 0.166667
TCATCCGCTG 0.596774 0.185484 0.000000 0.217742
TAGTCGTGCG 0.393443 0.344262 0.000000 0.262295
ACAGGTTCGT 0.212121 0.606061 0.181818 0.000000
CGTCAGGACG 0.555556 0.111111 0.000000 0.333333
GTCGCAGATA 0.000000 0.172414 0.655172 0.172414
AGTACTCGTC 0.044444 0.000000 0.266667 0.688889
TGTGCTCTGC 0.237410 0.000000 0.280576 0.482014
CATGTCATCT 0.233333 0.666667 0.100000 0.000000
ATACAATCCG 0.577143 0.074286 0.000000 0.348571
ATCACATCGA 0.000000 0.096774 0.387097 0.516129
GTGGGCGTAA 0.000000 0.428571 0.346939 0.224490
ATAAGTTCAT 0.214286 0.642857 0.142857 0.000000
AGTTTTAGCA 0.000000 0.192308 0.534188 0.273504
GACTCCGCGC 0.312500 0.000000 0.229167 0.458333
TAGGATATAG 0.722727 0.054545 0.000000 0.222727
ACAGGGACGT 0.137143 0.731429 0.131429 0.000000
TGTCTCAGCG 0.540541 0.135135 0.000000 0.324324
CGTATAGGAT 0.150794 0.642857 0.206349 0.000000
AATAGTCAAA 0.000000 0.192308 0.423077 0.384615
TAAGGTGGAA 0.000000 0.202020 0.343434 0.454545
TCTGCAGCTC 0.151376 0.000000 0.279817 0.568807
CGTAGTGTGT 0.411111 0.311111 0.277778 0.000000
AATCAGTCAG 0.540984 0.213115 0.000000 0.245902
TAGCGACTCA 0.000000 0.229167 0.541667 0.229167
GACTCGTCTG 0.544444 0.188889 0.000000 0.266667
GGGCCTATAG 0.469136 0.358025 0.000000 0.172840
TTTTTTTTTG 0.357143 0.214286 0.000000 0.428571
CAATTCCATC 0.156250 0.000000 0.125000 0.718750
GCTGTGCATC 0.218391 0.000000 0.270115 0.511494
ACAGGGCAAC 0.415094 0.000000 0.094340 0.490566
ATCAGACCAT 0.500000 0.200000 0.300000 0.000000
TAAGGCCATA 0.000000 0.335260 0.445087 0.219653
ATACGGGACC 0.413462 0.000000 0.115385 0.471154
TGAGCCATGA 0.000000 0.282443 0.549618 0.167939
GCAACACAGG 0.766667 0.116667 0.000000 0.116667
AGATACCAGG 0.455253 0.342412 0.000000 0.202335
ATATAAGACA 0.000000 0.312500 0.312500 0.375000
GTAGAAACAA 0.000000 0.196429 0.653061 0.150510
CCATTCATGC 0.267327 0.000000 0.168317 0.564356
CTCGAATAGT 0.290323 0.516129 0.193548 0.000000
AATTCGAACT 0.315789 0.552632 0.131579 0.000000
GCGACAAACA 0.000000 0.298507 0.492537 0.208955
ATGCGGATAT 0.261905 0.261905 0.476190 0.000000
TGGACTACAA 0.000000 0.658824 0.205882 0.135294
GCTGTCTGAT 0.273973 0.479452 0.246575 0.000000
TATGTATATC 0.261682 0.000000 0.130841 0.607477
GCGAACTCAA 0.000000 0.176471 0.529412 0.294118
CCATCTCAGG 0.464286 0.071429 0.000000 0.464286
CAAACAGGGC 0.218182 0.000000 0.309091 0.472727
TCCGTAGAGT 0.323077 0.461538 0.215385 0.000000
CGCACTAGTT 0.259259 0.592593 0.148148 0.000000
AGTCTGTGCA 0.000000 0.109890 0.780220 0.109890
GTACGCACGA 0.000000 0.056931 0.549505 0.393564
CGATACTACG 0.440000 0.180000 0.000000 0.380000
ACGTAGTGCT 0.180556 0.659722 0.159722 0.000000
CTGTTTTTCC 0.394558 0.000000 0.319728 0.285714
TTTGCCTGTG 0.672646 0.139013 0.000000 0.188341
ACGTCTGCAG 0.666667 0.142857 0.000000 0.190476
TCATTCATGT 0.263158 0.500000 0.236842 0.000000
ACCTGTTACA 0.000000 0.354545 0.309091 0.336364
TCTCGACACG 0.672897 0.177570 0.000000 0.149533
AGCAGAGCGC 0.218182 0.000000 0.145455 0.636364
GACCTGCTAA 0.000000 0.252874 0.241379 0.505747
TGATAGACGT 0.117647 0.750000 0.132353 0.000000
ATAGTGTAGA 0.000000 0.264706 0.529412 0.205882
CAGTCTCGTG 0.388889 0.174603 0.000000 0.436508
TGCAAGCATA 0.000000 0.297297 0.459459 0.243243
AGGTTCATTC 0.161290 0.000000 0.322581 0.516129
CGTAGTCGTC 0.363636 0.000000 0.272727 0.363636
ATGAGTGTAT 0.212389 0.430678 0.356932 0.000000
GTCATCATAC 0.448276 0.000000 0.172414 0.379310
ATAGACGATG 0.850000 0.037500 0.000000 0.112500
GAATATGTAT 0.208122 0.401015 0.390863 0.000000
TCTAGTCAGT 0.181102 0.685039 0.133858 0.000000
GCGCCTGCTG 0.530303 0.212121 0.000000 0.257576
TAGTCAGTTC 0.120000 0.000000 0.280000 0.600000
GACATACCAT 0.340909 0.393939 0.265152 0.000000
AGCGCAGCTC 0.256410 0.000000 0.179487 0.564103
CTGATAGATG 0.775701 0.037383 0.000000 0.186916
ACAGTACGCA 0.000000 0.305732 0.458599 0.235669
ACATCGTGAG 0.436697 0.203670 0.000000 0.359633
TACTAGTAGA 0.000000 0.163265 0.632653 0.204082
TCTCGATCTC 0.436364 0.000000 0.309091 0.254545
GATACCATTC 0.267327 0.000000 0.217822 0.514851
GCTATCATAT 0.305556 0.305556 0.388889 0.000000
GTATACAGTA 0.000000 0.159420 0.705314 0.135266
TGTAACCTAA 0.000000 0.215686 0.666667 0.117647
AGCGATAGTG 0.571429 0.200000 0.000000 0.228571
CGCTCGATAT 0.325000 0.350000 0.325000 0.000000
TGTCATCGAA 0.000000 0.214286 0.607143 0.178571
CTCTAGTGAT 0.073171 0.560976 0.365854 0.000000
ATGTACGTCT 0.133621 0.793103 0.073276 0.000000
TACCAGTCGC 0.120000 0.000000 0.060000 0.820000
CATGCATACA 0.000000 0.222222 0.594771 0.183007
GGGACTGGGA 0.000000 0.128205 0.333333 0.538462
ACTCATTAGT 0.192308 0.538462 0.269231 0.000000
CGAGACAGTG 0.595745 0.202128 0.000000 0.202128
GCGCTAGAGA 0.000000 0.436782 0.402299 0.160920
TCAGCTGACT 0.200000 0.460000 0.340000 0.000000
CATCAGTCGA 0.000000 0.126866 0.604478 0.268657
TCTGCTGATC 0.089109 0.000000 0.128713 0.782178
TCACTCAGTA 0.000000 0.037383 0.915888 0.046729
ATACCATGCC 0.338983 0.000000 0.135593 0.525424
ATATGTATGA 0.000000 0.109890 0.593407 0.296703
ATCGCGTATG 0.514894 0.289362 0.000000 0.195745
GTGTGTCTTC 0.294118 0.000000 0.235294 0.470588
CATCAGACAA 0.000000 0.071429 0.714286 0.214286
ATCTCTCGTG 0.633333 0.188889 0.000000 0.177778
ACATAGACTC 0.371429 0.000000 0.285714 0.342857
TACTCGTGTG 0.805556 0.083333 0.000000 0.111111
CATGTCAGAC 0.275000 0.000000 0.050000 0.675000
CTTCATTCAG 0.524390 0.109756 0.000000 0.365854
CTCATATAAG 0.457364 0.379845 0.000000 0.162791
TATACGAGCA 0.000000 0.051282 0.811966 0.136752
CACTTGTATT 0.094340 0.283019 0.622642 0.000000
ATATCCGTAG 0.808219 0.082192 0.000000 0.109589
CGCCACTGGG 0.459016 0.295082 0.000000 0.245902
GCTCGTGATA 0.000000 0.010753 0.946237 0.043011
CCCTGTCCTG 0.415094 0.169811 0.000000 0.415094
AGTCGCAGAT 0.153846 0.525641 0.320513 0.000000
GACAGACGGA 0.000000 0.400000 0.066667 0.533333
ACAGTAGTAG 0.609442 0.197425 0.000000 0.193133
GCCTGCGGGA 0.000000 0.407407 0.222222 0.370370
TAGCTGCAAC 0.596154 0.000000 0.096154 0.307692
GCTGGTAATG 0.526316 0.315789 0.000000 0.157895
TCATGATGTA 0.000000 0.218391 0.597701 0.183908
ATGTGTGCTC 0.380952 0.000000 0.222222 0.396825
TCTGAGAGAT 0.191667 0.754167 0.054167 0.000000
CTAGATCGTG 0.551020 0.244898 0.000000 0.204082
GACGAACGTG 0.444444 0.166667 0.000000 0.388889
GCGCTCGATA 0.000000 0.239130 0.739130 0.021739
AGTCACTCAC 0.269663 0.000000 0.269663 0.460674
CACTGAGCCA 0.000000 0.137500 0.662500 0.200000
AGATGGACTA 0.000000 0.175258 0.556701 0.268041
TCTGACTATC 0.133333 0.000000 0.066667 0.800000
CGTGATGTGC 0.471698 0.000000 0.150943 0.377358
TATACCATCG 0.660377 0.113208 0.000000 0.226415
CGTGTGTCAT 0.148649 0.540541 0.310811 0.000000
AGCAGTAGTA 0.000000 0.066667 0.616667 0.316667
GTGCATCTAC 0.138889 0.000000 0.194444 0.666667
TATCTGTCTC 0.200000 0.000000 0.311111 0.488889
GGCTATACCG 0.795455 0.113636 0.000000 0.090909
ACATCGTTCA 0.000000 0.423077 0.430070 0.146853
TAGACCATAC 0.270073 0.000000 0.145985 0.583942
CATATAAGTT 0.111111 0.740741 0.148148 0.000000
CGAGTCGTAG 0.710227 0.102273 0.000000 0.187500
CTAGATTCTT 0.229167 0.625000 0.145833 0.000000
TGTCTGATAG 0.796460 0.097345 0.000000 0.106195
CTCGTCACAT 0.140496 0.694215 0.165289 0.000000
TGCACCTCTT 0.246667 0.400000 0.353333 0.000000
TCACATGTCA 0.000000 0.095238 0.761905 0.142857
TAGTATGACG 0.431373 0.352941 0.000000 0.215686
GATGTCGTGA 0.000000 0.230769 0.653846 0.115385
CGTCATCCGT 0.303030 0.553030 0.143939 0.000000
CCCCCTGTCC 0.263158 0.000000 0.467836 0.269006
AGTCGTGCTA 0.000000 0.260274 0.506849 0.232877
ACGAATAGAT 0.320000 0.410000 0.270000 0.000000
GCATGGAACG 0.695652 0.152174 0.000000 0.152174
CTGGACAATA 0.000000 0.182540 0.650794 0.166667
GAAGGCGACT 0.135135 0.756757 0.108108 0.000000
GTTCATCAAA 0.000000 0.264706 0.647059 0.088235
GTGGGACCTT 0.189474 0.470175 0.340351 0.000000
ACCGGGATAT 0.491228 0.228070 0.280702 0.000000
GAATGCCGAC 0.203030 0.000000 0.275758 0.521212
ACGAGTCAGC 0.238462 0.000000 0.135897 0.625641
CATACGATAG 0.728033 0.050209 0.000000 0.221757
TGTATGCACG 0.513410 0.371648 0.000000 0.114943
ATAGTATGAC 0.159091 0.000000 0.068182 0.772727
GACATCAGGA 0.000000 0.307692 0.153846 0.538462
GTCGTGCGTC 0.090909 0.000000 0.163636 0.745455
TGAGTGTAGT 0.396226 0.358491 0.245283 0.000000
AGCTGATATA 0.000000 0.189189 0.594595 0.216216
AGCAGAGCTC 0.094340 0.000000 0.141509 0.764151
ATAGGACAAA 0.000000 0.357143 0.464286 0.178571
ATAGTGTATA 0.000000 0.160714 0.723214 0.116071
AGGCAAGATA 0.000000 0.159091 0.534091 0.306818
TGCCGACAGG 0.554348 0.086957 0.000000 0.358696
ATCTCATACA 0.000000 0.065041 0.691057 0.243902
CGGACCTCAT 0.387500 0.325000 0.287500 0.000000
CACAATTAAC 0.257143 0.000000 0.085714 0.657143
TGCATGAGCA 0.000000 0.162037 0.638889 0.199074
AGTTCGACAT 0.200000 0.654054 0.145946 0.000000
GCTCGTGACG 0.552239 0.194030 0.000000 0.253731
GATCGTATAT 0.650000 0.200000 0.150000 0.000000
AGTGACGCTA 0.000000 0.092593 0.659259 0.248148
CTGTCGACTC 0.423077 0.000000 0.307692 0.269231
ATATAGACCG 0.727273 0.151515 0.000000 0.121212
CGTAGTGAAT 0.455446 0.405941 0.138614 0.000000
TACCTGTATA 0.000000 0.232558 0.523256 0.244186
GGACACTGTA 0.000000 0.185714 0.657143 0.157143
GTCTCTAGTG 0.886364 0.068182 0.000000 0.045455
CAGTACGCAG 0.850746 0.050746 0.000000 0.098507
CATAGATACA 0.000000 0.063830 0.861702 0.074468
AGGCAAACAT 0.064516 0.709677 0.225806 0.000000
CCGAGTCCCC 0.310345 0.000000 0.364532 0.325123
AGAGATACAC 0.139175 0.000000 0.180412 0.680412
AGCTAGTGAC 0.137931 0.000000 0.206897 0.655172
CCGAATATGT 0.230769 0.384615 0.384615 0.000000
TGACGTAGTA 0.000000 0.166667 0.729167 0.104167
GGCGAGTTCG 0.539216 0.245098 0.000000 0.215686
TGCTGAATGG 0.543103 0.275862 0.000000 0.181034
CAGCTGACTC 0.175000 0.000000 0.112500 0.712500
AAGTGTAGAC 0.200000 0.000000 0.193939 0.606061
GACAAACAGG 0.679245 0.150943 0.000000 0.169811
CTCGATGATC 0.098039 0.000000 0.176471 0.725490
TACACGTCTA 0.000000 0.172414 0.678161 0.149425
CATCATATGA 0.000000 0.241379 0.448276 0.310345
CGATAGACTC 0.026667 0.000000 0.240000 0.733333
ATAGCACGTG 0.452055 0.260274 0.000000 0.287671
CCGTAGTACT 0.189189 0.675676 0.135135 0.000000
ATTCATGCCG 0.660000 0.160000 0.000000 0.180000
TCATCATATA 0.000000 0.130000 0.760000 0.110000
GCAGTACACT 0.180000 0.790000 0.030000 0.000000
GACTCATCTG 0.739130 0.160326 0.000000 0.100543
TGAGCCATCG 0.714286 0.214286 0.000000 0.071429
GCATGAGCAT 0.157233 0.632075 0.210692 0.000000
ATTAGAACCT 0.112360 0.786517 0.101124 0.000000
TAGGACCAGT 0.145833 0.635417 0.218750 0.000000
CACACTGAGC 0.272727 0.000000 0.136364 0.590909
ATAGACCATA 0.000000 0.105820 0.645503 0.248677
CTCTCAGATC 0.181818 0.000000 0.145455 0.672727
ACATAGTGCA 0.000000 0.205882 0.637255 0.156863
AACGTCTAGT 0.225806 0.655914 0.118280 0.000000
GAATAAGTGT 0.111111 0.225806 0.663082 0.000000
AGACAGTCTA 0.000000 0.113475 0.801418 0.085106
ACCATTCATG 0.464000 0.160000 0.000000 0.376000
TGCGATAGAC 0.310345 0.000000 0.051724 0.637931
AAAGTCTGTG 0.638889 0.212963 0.000000 0.148148
TCGAATAGTC 0.357143 0.000000 0.214286 0.428571
AGGCGACTCA 0.000000 0.259259 0.444444 0.296296
CGTGAATCAG 0.491667 0.208333 0.000000 0.300000
ACACCGACAG 0.206897 0.206897 0.000000 0.586207
CTCGCATGTC 0.166667 0.000000 0.375000 0.458333
GTCTGATGTC 0.319149 0.000000 0.212766 0.468085
CTACAGATAC 0.193939 0.000000 0.112121 0.693939
GTATAGATAG 0.920000 0.008000 0.000000 0.072000
ACTAGAGAGT 0.202532 0.518987 0.278481 0.000000
CGTCATGCTC 0.175000 0.000000 0.150000 0.675000
CCATCAGGTT 0.200000 0.742857 0.057143 0.000000
GCGCCGAATA 0.000000 0.230769 0.630769 0.138462
TGTGTGAGTC 0.101695 0.000000 0.474576 0.423729
TCGCACTGTG 0.426966 0.224719 0.000000 0.348315
AAACGAACGT 0.088889 0.777778 0.133333 0.000000
ACTAAAACAA 0.000000 0.060976 0.487805 0.451220
AACATAGACA 0.000000 0.189189 0.621622 0.189189
CGCTCGTGCT 0.295203 0.538745 0.166052 0.000000
CTATTAAAAA 0.000000 0.444444 0.311111 0.244444
AGGCAAGACG 0.450980 0.352941 0.000000 0.196078
CACATGCATA 0.000000 0.301370 0.537671 0.160959
AACGCCGTGT 0.172414 0.586207 0.241379 0.000000
ACAGATGGAC 0.181818 0.000000 0.272727 0.545455
CTGATATCGC 0.176471 0.000000 0.117647 0.705882
TAGTAAACGT 0.118421 0.618421 0.263158 0.000000
GCGTCGACGA 0.000000 0.176471 0.568627 0.254902
CTTAGGCCAA 0.000000 0.248408 0.579618 0.171975
ACACTCACTC 0.121212 0.000000 0.045455 0.833333
ATCGCGCTGT 0.293103 0.482759 0.224138 0.000000
TCAGGCAAAA 0.000000 0.376812 0.507246 0.115942
GAACGCAAAC 0.175439 0.000000 0.526316 0.298246
ATACGACGTC 0.178571 0.000000 0.357143 0.464286
CGCGACTCAT 0.217391 0.695652 0.086957 0.000000
ACATCAGGAC 0.157407 0.000000 0.222222 0.620370
AGCGAAAGCC 0.192982 0.000000 0.192982 0.614035
TAGGGATAAG 0.515152 0.363636 0.000000 0.121212
ACGCTGAGCG 0.600000 0.153846 0.000000 0.246154
TCAACGAATG 0.649123 0.210526 0.000000 0.140351
ATCCGTAACA 0.000000 0.242105 0.536842 0.221053
ATATATAAGA 0.000000 0.085106 0.361702 0.553191
ACGCATACGA 0.000000 0.068966 0.482759 0.448276
TGTCTAGTGC 0.326531 0.000000 0.224490 0.448980
CTCAGTGTGT 0.636364 0.198347 0.165289 0.000000
CTGGGACACT 0.296610 0.559322 0.144068 0.000000
GACATATAGG 0.652174 0.086957 0.000000 0.260870
CATCCGTAAC 0.401786 0.000000 0.258929 0.339286
AACCATAATG 0.457627 0.381356 0.000000 0.161017
TTCGACAGAC 0.206897 0.000000 0.137931 0.655172
CTACGATGAT 0.125000 0.587963 0.287037 0.000000
ACTCAACACA 0.000000 0.352941 0.382353 0.264706
ACTCGAACAG 0.682927 0.073171 0.000000 0.243902
GCCATCTCAT 0.151515 0.636364 0.212121 0.000000
CGTCTAGACT 0.142857 0.666667 0.190476 0.000000
GACGCGCGAA 0.000000 0.209302 0.418605 0.372093
GCTGCTATCT 0.126761 0.802817 0.070423 0.000000
CACTCTCATA 0.000000 0.058824 0.848739 0.092437
TCGTACAGAT 0.027027 0.932432 0.040541 0.000000
TCAGGACCGA 0.000000 0.123077 0.769231 0.107692
GTCTCTCAGC 0.378882 0.000000 0.217391 0.403727
AGATATCGAA 0.000000 0.224719 0.314607 0.460674
GACAGGACCG 0.698925 0.064516 0.000000 0.236559
TATATACCGT 0.362963 0.200000 0.437037 0.000000
TACGTGTCAC 0.133333 0.000000 0.455556 0.411111
CAGTCTACTG 0.452830 0.301887 0.000000 0.245283
TCATATCATG 0.535714 0.285714 0.000000 0.178571
CGTCGATAGT 0.284615 0.500000 0.215385 0.000000
AAGTGGGCGT 0.095238 0.698413 0.206349 0.000000
TGTATCTCTC 0.225352 0.000000 0.272300 0.502347
GTATGTACGA 0.000000 0.098039 0.607843 0.294118
CTGTGTCTAG 0.611111 0.097222 0.000000 0.291667
ACGTACCAGT 0.325000 0.550000 0.125000 0.000000
TCGTGTGTCT 0.106383 0.819149 0.074468 0.000000
CCTACTAGGA 0.000000 0.219355 0.496774 0.283871
TGTCTGTGCG 0.614583 0.093750 0.000000 0.291667
CGCACACTGA 0.000000 0.052174 0.878261 0.069565
GTCGCCACTG 0.662338 0.246753 0.000000 0.090909
AACGTACCGT 0.243243 0.486486 0.270270 0.000000
GACACGCTGA 0.000000 0.112903 0.790323 0.096774
CAGGACCATC 0.083333 0.000000 0.083333 0.833333
ACCGAGACAG 0.651376 0.064220 0.000000 0.284404
TCGCGTATGT 0.262032 0.513369 0.224599 0.000000
ATATATGCAT 0.158537 0.725610 0.115854 0.000000
GTAGGATATA 0.000000 0.069444 0.805556 0.125000
GACAAACATG 0.554217 0.228916 0.000000 0.216867
CAAACGGGAC 0.232558 0.000000 0.197674 0.569767
GTACGAACCG 0.789474 0.045113 0.000000 0.165414
CAGTACACTC 0.263736 0.000000 0.197802 0.538462
GTCACTCTAG 0.787879 0.040404 0.000000 0.171717
ACAGTGAGAT 0.129630 0.555556 0.314815 0.000000
CATGCGGATA 0.000000 0.150000 0.650000 0.200000
TGTGCTCGAT 0.171171 0.648649 0.180180 0.000000
GCAAACCGGG 0.464286 0.321429 0.000000 0.214286
CTAGTCAGTG 0.696429 0.107143 0.000000 0.196429
GCGGATCAAG 0.595238 0.226190 0.000000 0.178571
CGATGATCTC 0.162162 0.000000 0.358108 0.479730
TGTGACGAGT 0.228814 0.601695 0.169492 0.000000
TAAGTGTAGA 0.000000 0.181818 0.545455 0.272727
AACGTAACAG 0.671053 0.184211 0.000000 0.144737
CGTCAGTCAT 0.324786 0.410256 0.264957 0.000000
TGATGACGTG 0.545455 0.154545 0.000000 0.300000
ATTAACTAAG 0.563636 0.066667 0.000000 0.369697
CTATATAAAC 0.190476 0.000000 0.357143 0.452381
ACTAAGAATA 0.000000 0.244898 0.683673 0.071429
CACCTCTTGG 0.384236 0.157635 0.000000 0.458128
CAGCATATAC 0.410448 0.000000 0.104478 0.485075
ATACAGATCG 0.828571 0.100000 0.000000 0.071429
CGCTTGCTTA 0.000000 0.237960 0.518414 0.243626
CGTAGTACTC 0.360000 0.000000 0.200000 0.440000
TAGCTTCACA 0.000000 0.190019 0.625720 0.184261
ACCATCATAG 0.607143 0.142857 0.000000 0.250000
CAAGACGTAC 0.500000 0.000000 0.112903 0.387097
ATGTACTCGT 0.066667 0.853333 0.080000 0.000000
CGTAGCGCTG 0.545455 0.159091 0.000000 0.295455
CCGTCTATCA 0.000000 0.325000 0.516667 0.158333
GCCATGCCGT 0.315789 0.394737 0.289474 0.000000
ATTCGCCTGC 0.219697 0.000000 0.303030 0.477273
GACATTCAGG 0.571429 0.200000 0.000000 0.228571
CGTAACAGAC 0.241379 0.000000 0.206897 0.551724
ATACGAGCAG 0.651007 0.147651 0.000000 0.201342
TTCGTAGACA 0.000000 0.142857 0.685714 0.171429
ACGAACATGC 0.181818 0.000000 0.181818 0.636364
ACTTGTATTT 0.128713 0.336634 0.534653 0.000000
CTGCGCTCGA 0.000000 0.147826 0.504348 0.347826
TACAATCCGG 0.817073 0.036585 0.000000 0.146341
TGCATCTACG 0.586420 0.228395 0.000000 0.185185
ATCTAGCGAC 0.298611 0.000000 0.187500 0.513889
AGCTCACATC 0.366667 0.000000 0.244444 0.388889
ATCTAGTGCA 0.000000 0.194175 0.524272 0.281553
GGGCCTCAGG 0.569892 0.220430 0.000000 0.209677
GATGTAGTCG 0.468750 0.250000 0.000000 0.281250
TCGGACCTCA 0.000000 0.434211 0.381579 0.184211
TCAAGTCAAC 0.116279 0.000000 0.232558 0.651163
GCGTCGACTA 0.000000 0.200000 0.655556 0.144444
ACTCTGCGAT 0.000000 0.826087 0.173913 0.000000
GGCTCGGTAG 0.601852 0.222222 0.000000 0.175926
ACCGGGATGG 0.702703 0.243243 0.000000 0.054054
TCTGTGCTCG 0.666667 0.233333 0.000000 0.100000
AGACTGCAAG 0.409639 0.421687 0.000000 0.168675
TCGACGTCAC 0.128440 0.000000 0.568807 0.302752
TAGACATGCC 0.294798 0.000000 0.098266 0.606936
CCGCGCCATA 0.000000 0.243243 0.540541 0.216216
GATAGTACGC 0.147287 0.000000 0.124031 0.728682
GCATGCATGA 0.000000 0.260870 0.565217 0.173913
CGCAGACGAA 0.000000 0.285714 0.485714 0.228571
TCTCTCTAGA 0.000000 0.104167 0.645833 0.250000
AACAGGGCAG 0.620000 0.040000 0.000000 0.340000
CTGTCACTCT 0.483146 0.337079 0.179775 0.000000
GACCGGGATA 0.000000 0.250000 0.704545 0.045455
CAGACAAACG 0.843750 0.093750 0.000000 0.062500
GTTCTATAGA 0.000000 0.250000 0.466667 0.283333
GACATATATG 0.500000 0.400000 0.000000 0.100000
TCAGTGAGTC 0.074627 0.000000 0.134328 0.791045
TTCCTTACCT 0.164948 0.302405 0.532646 0.000000
TCTAGTATAG 0.651515 0.083333 0.000000 0.265152
GACATACCTG 0.467153 0.350365 0.000000 0.182482
CGCTGAGCGA 0.000000 0.108696 0.539130 0.352174
AGTGCTCGTA 0.000000 0.185185 0.648148 0.166667
TACGAGCAGC 0.170370 0.000000 0.244444 0.585185
TGATGTGCTC 0.257143 0.000000 0.128571 0.614286
TCCTGGGCGG 0.357143 0.157143 0.000000 0.485714
GTAGTCGTCA 0.000000 0.216216 0.729730 0.054054
ACTCGTGATC 0.211538 0.000000 0.471154 0.317308
TCGACTAGAT 0.032258 0.967742 0.000000 0.000000
ACTCGTAGCG 0.612299 0.160428 0.000000 0.227273
GAGATGCTCT 0.372414 0.431034 0.196552 0.000000
TCGTGAGCGA 0.000000 0.233516 0.282967 0.483516
GGACCAGTAT 0.300000 0.258333 0.441667 0.000000
GCTCAGTGTG 0.571429 0.267857 0.000000 0.160714
CGTATCGACA 0.000000 0.153846 0.641026 0.205128
AGACGCGCTG 0.666667 0.069444 0.000000 0.263889
GTCTGTGCAG 0.424242 0.242424 0.000000 0.333333
TAGTCAGTAC 0.144231 0.000000 0.187500 0.668269
TGCCTGTGCT 0.193833 0.658590 0.147577 0.000000
CGACGTGCTA 0.000000 0.077465 0.838028 0.084507
CATACCTGTA 0.000000 0.312500 0.437500 0.250000
TCATGTAGGC 0.288889 0.000000 0.185185 0.525926
AAGGCCTTCA 0.000000 0.440476 0.404762 0.154762
TGATATACTG 0.469388 0.346939 0.000000 0.183673
GACTACAGAT 0.161765 0.549020 0.289216 0.000000
CAGACATCAA 0.000000 0.208333 0.291667 0.500000
AGTCACTATC 0.150000 0.000000 0.216667 0.633333
TGCTCGATGA 0.000000 0.108108 0.716216 0.175676
TGCTGTCTAT 0.416667 0.345238 0.238095 0.000000
CATAGGGATA 0.000000 0.293333 0.520000 0.186667
TGCTATCTGT 0.216667 0.616667 0.166667 0.000000
TGTGATCTCT 0.228571 0.657143 0.114286 0.000000
CTTGTATTTT 0.096000 0.516000 0.388000 0.000000
GAATAAGGCT 0.074074 0.822222 0.103704 0.000000
ACAAGCAGAA 0.000000 0.258824 0.176471 0.564706
TAGAGAGTGT 0.121622 0.783784 0.094595 0.000000
ACAAACAGGA 0.000000 0.329545 0.272727 0.397727
TCGTCATGCT 0.180000 0.720000 0.100000 0.000000
CATAGGACAT 0.161765 0.455882 0.382353 0.000000
CTCATTAACT 0.209184 0.607143 0.183673 0.000000
ACAGACATCA 0.000000 0.148148 0.716049 0.135802
ACCATCGAAC 0.269231 0.000000 0.153846 0.576923
ACAGGTTCAT 0.333333 0.541667 0.125000 0.000000
CTAGAGTCGT 0.155172 0.689655 0.155172 0.000000
AACCGTATAG 0.478261 0.173913 0.000000 0.347826
GTAACATACC 0.168067 0.000000 0.226891 0.605042
GCTCGCTGAG 0.471154 0.192308 0.000000 0.336538
ACCTCGGATC 0.214286 0.000000 0.285714 0.500000
ACCATCGCCA 0.000000 0.111111 0.611111 0.277778
TGTGGTCTGA 0.000000 0.238095 0.565079 0.196825
TACGTCTCAC 0.146667 0.000000 0.173333 0.680000
GTGACTTTGC 0.169231 0.000000 0.425641 0.405128
CGTGTGTCTG 0.454545 0.381818 0.000000 0.163636
AACAACTCAA 0.000000 0.168331 0.717546 0.114123
GGGCGGTGAG 0.361702 0.170213 0.000000 0.468085
AGTAGTGACA 0.000000 0.030822 0.952055 0.017123
GCAAGACTCA 0.000000 0.260274 0.321918 0.417808
CCACCGAGTC 0.149457 0.000000 0.296196 0.554348
ACTCAGTAGT 0.192308 0.602564 0.205128 0.000000
GACACAGAAG 0.693878 0.122449 0.000000 0.183673
ATAAGGCGAG 0.356322 0.379310 0.000000 0.264368
CAGTATCTCG 0.740000 0.100000 0.000000 0.160000
TCGTTCCTTA 0.000000 0.287805 0.497561 0.214634
CATCCGAACA 0.000000 0.180556 0.569444 0.250000
CTACGCGCTA 0.000000 0.300000 0.480000 0.220000
ACCAGTATGA 0.000000 0.137931 0.655172 0.206897
CTGAATGCCG 0.680851 0.106383 0.000000 0.212766
TAGCAGTCTG 0.185759 0.563467 0.000000 0.250774
AGACGTCGAC 0.043478 0.000000 0.173913 0.782609
GCAAGTTCAG 0.565217 0.173913 0.000000 0.260870
GGATAGTATG 0.357143 0.357143 0.000000 0.285714
AAAGCCAACT 0.194915 0.745763 0.059322 0.000000
GATGAGTATG 0.703125 0.187500 0.000000 0.109375
CGTCAAGTCG 0.754386 0.140351 0.000000 0.105263
CAGTGACTGA 0.000000 0.096154 0.442308 0.461538
GCACGTGTAG 0.656250 0.135417 0.000000 0.208333
AGATAGACGA 0.000000 0.161290 0.419355 0.419355
TATAGACATG 0.464789 0.352113 0.000000 0.183099
TATCGACATC 0.285714 0.000000 0.357143 0.357143
TCGTATATCA 0.000000 0.220000 0.520000 0.260000
CACAGATGAT 0.276316 0.644737 0.078947 0.000000
AACATAAGGC 0.275000 0.000000 0.200000 0.525000
CGTAACGCAT 0.220779 0.389610 0.389610 0.000000
ACGATGACAC 0.245455 0.000000 0.122727 0.631818
ATCATGATGT 0.267857 0.482143 0.250000 0.000000
CGGACCGCTC 0.116071 0.000000 0.160714 0.723214
AATTCCATCT 0.224490 0.714286 0.061224 0.000000
ATATATGAGT 0.142857 0.642857 0.214286 0.000000
ACAATTCCAT 0.266667 0.533333 0.200000 0.000000
TCACTCTGTA 0.000000 0.085106 0.872340 0.042553
GATAGTCTCT 0.458333 0.308333 0.233333 0.000000
ATCCGTAGAG 0.685185 0.129630 0.000000 0.185185
CACATACACG 0.457143 0.457143 0.000000 0.085714
TCTCTCGTGT 0.201550 0.682171 0.116279 0.000000
GAGCGTATCT 0.181034 0.663793 0.155172 0.000000
CTCGAACCAT 0.166667 0.666667 0.166667 0.000000
ATACATGATG 0.637931 0.129310 0.000000 0.232759
GTATGTAGTC 0.200000 0.000000 0.200000 0.600000
ATGCCATCCG 0.722222 0.111111 0.000000 0.166667
GATATGCGCG 0.659574 0.170213 0.000000 0.170213
CAAACAGGAC 0.208000 0.000000 0.232000 0.560000
ATAGTCGAAT 0.100000 0.750000 0.150000 0.000000
CGTGTCACAG 0.603448 0.103448 0.000000 0.293103
CGCTGAGCTA 0.000000 0.135802 0.596708 0.267490
TCGAACTCCT 0.381579 0.184211 0.434211 0.000000
AGCTGACTCT 0.344262 0.426230 0.229508 0.000000
CGTGCAAGCA 0.000000 0.270270 0.459459 0.270270
TAAGAACATA 0.000000 0.387755 0.551020 0.061224
GTTCTCCGTC 0.296296 0.000000 0.382716 0.320988
TATGTCTGAT 0.181373 0.426471 0.392157 0.000000
TGTGTGATCT 0.454545 0.454545 0.090909 0.000000
GATCGTCAGT 0.141414 0.696970 0.161616 0.000000
GTGTGCATCA 0.000000 0.115226 0.761317 0.123457
GTGCTCAGTG 0.600000 0.250000 0.000000 0.150000
ACGTCAGACC 0.300000 0.000000 0.166667 0.533333
TGTCGCAGAC 0.211321 0.000000 0.203774 0.584906
GACAAACGGA 0.000000 0.287671 0.246575 0.465753
AGTCACAGAT 0.194969 0.396226 0.408805 0.000000
TGGAACGTAA 0.000000 0.103448 0.655172 0.241379
GACATCGTGC 0.380000 0.000000 0.210000 0.410000
AGACTCCGCG 0.454545 0.363636 0.000000 0.181818
ACATATGTAG 0.701754 0.105263 0.000000 0.192982
GCCCTATTAA 0.000000 0.520161 0.306452 0.173387
CGTGAGCTGT 0.330128 0.368590 0.301282 0.000000
CACGTCAGTC 0.177778 0.000000 0.222222 0.600000
AAGTTCAGAA 0.000000 0.377778 0.333333 0.288889
AACACCGGGC 0.500000 0.000000 0.160000 0.340000
AAACCGGGAT 0.142857 0.714286 0.142857 0.000000
AACAGGTTCG 0.642857 0.119048 0.000000 0.238095
ATGTATACAG 0.720430 0.059140 0.000000 0.220430
TACAGAAGTA 0.000000 0.075000 0.425000 0.500000
CAGGTTCATC 0.185185 0.000000 0.148148 0.666667
TCGTGCTGTG 0.529412 0.258824 0.000000 0.211765
CTCGTCTCAT 0.244681 0.400709 0.354610 0.000000
TGATACGAGA 0.000000 0.208955 0.626866 0.164179
ATACACGTGT 0.460317 0.333333 0.206349 0.000000
GATATCCGTA 0.000000 0.211268 0.676056 0.112676
GATACCAGGG 0.400844 0.341772 0.000000 0.257384
ATCGTATATC 0.200000 0.000000 0.333333 0.466667
GATGCTGATG 0.829787 0.063830 0.000000 0.106383
GAGTCTCGAC 0.107692 0.000000 0.230769 0.661538
CTCGACAGGA 0.000000 0.285714 0.285714 0.428571
TAGATAAGGC 0.282895 0.000000 0.276316 0.440789
TACAGTGGAT 0.173913 0.434783 0.391304 0.000000
GACTCATCAG 0.466667 0.333333 0.000000 0.200000
GGACGTAGAC 0.200000 0.000000 0.080000 0.720000
GCGCTGATGT 0.453125 0.406250 0.140625 0.000000
GAACATAGGG 0.750000 0.090909 0.000000 0.159091
ATATGCGAGT 0.297297 0.418919 0.283784 0.000000
ACGTAGGTTC 0.320000 0.000000 0.160000 0.520000
CAAACCGAGA 0.000000 0.330275 0.275229 0.394495
AGGCACTCAT 0.341030 0.394316 0.264654 0.000000
CACAGCGCGA 0.000000 0.146341 0.707317 0.146341
CTCAACACAA 0.000000 0.538462 0.358974 0.102564
