GCCATCATCA 0.000000 0.911111 0.000000 0.911111 0.088889
AAGTGTAGAC 0.000000 0.423077 0.000000 0.423077 0.576923
AACGGGACAG 0.000000 0.354839 0.000000 0.354839 0.645161
ACTCTCGTGC 0.000000 0.484375 0.000000 0.484375 0.515625
CAGTGCGAGC 0.000000 0.441558 0.000000 0.441558 0.558442
ATGTATATGA 0.000000 0.830769 0.000000 0.830769 0.169231
AAGAATAAGG 0.000000 0.652174 0.000000 0.652174 0.347826
GACAAACGAA 0.000000 0.911765 0.000000 0.911765 0.088235
ACGTGAACGT 0.000000 0.692308 0.000000 0.692308 0.307692
GTCCTGTTTT 0.000000 0.982143 0.000000 0.982143 0.017857
ATATATGTGC 0.000000 0.170163 0.000000 0.170163 0.829837
ATACGATAGT 0.000000 0.629630 0.000000 0.629630 0.370370
CGGACCGACA 0.000000 0.823529 0.000000 0.823529 0.176471
GGACCTCGTC 0.000000 0.608696 0.000000 0.608696 0.391304
ACATATAGAC 0.000000 0.550000 0.000000 0.550000 0.450000
GAATATAGAC 0.000000 0.636364 0.000000 0.636364 0.363636
CCATCGAACA 0.000000 0.666667 0.000000 0.666667 0.333333
CCATCGAACC 0.000000 0.910714 0.000000 0.910714 0.089286
ACTCGTCGAT 0.000000 0.181818 0.000000 0.181818 0.818182
CTCGTCGATG 0.000000 0.250000 0.000000 0.250000 0.750000
CATCACTCGT 0.000000 0.590909 0.000000 0.590909 0.409091
GTCGCCACTG 0.000000 0.879630 0.000000 0.879630 0.120370
TTCAGATTTT 0.000000 0.992188 0.000000 0.992188 0.007812
CCGAGACAGT 0.000000 0.372549 0.000000 0.372549 0.627451
ACTGATGTAG 0.000000 0.355556 0.000000 0.355556 0.644444
CTCTCACGAC 0.000000 0.694444 0.000000 0.694444 0.305556
TGTCATCTGT 0.000000 0.406250 0.000000 0.406250 0.593750
AAACGAATAG 0.000000 0.416667 0.000000 0.416667 0.583333
AGACGAACGT 0.000000 0.483871 0.000000 0.483871 0.516129
TGAATATAGA 0.000000 0.333333 0.000000 0.333333 0.666667
TGTGCGTATC 0.000000 0.382353 0.000000 0.382353 0.617647
ATCGAACTCA 0.000000 0.648649 0.000000 0.648649 0.351351
GACCGACATA 0.000000 0.555556 0.000000 0.555556 0.444444
GATGTGTGTA 0.000000 0.047847 0.000000 0.047847 0.952153
TACGCGCTAT 0.000000 0.837209 0.000000 0.837209 0.162791
CTCTCACGAT 0.000000 0.720000 0.000000 0.720000 0.280000
ATGATAGTCT 0.000000 0.775974 0.000000 0.775974 0.224026
TAAGAACAGT 0.000000 0.926471 0.000000 0.926471 0.073529
TCGCGCATGC 0.000000 0.859155 0.000000 0.859155 0.140845
CGAGCGTATC 0.000000 0.375000 0.000000 0.375000 0.625000
TAGGGATAAG 0.000000 0.615023 0.000000 0.615023 0.384977
TTCGGACCTC 0.000000 0.916667 0.000000 0.916667 0.083333
GGACTGGGAC 0.000000 0.764706 0.000000 0.764706 0.235294
CGTGCTAGAT 0.000000 0.855072 0.000000 0.855072 0.144928
GATCACATGC 0.000000 0.823529 0.000000 0.823529 0.176471
GGCACTCATT 0.000000 0.951344 0.000000 0.951344 0.048656
CGGATCAAGG 0.000000 0.238095 0.000000 0.238095 0.761905
CCGAGCGTAT 0.000000 0.833333 0.000000 0.833333 0.166667
GATAGATAGA 0.000000 0.902542 0.000000 0.902542 0.097458
GGACGCGACG 0.000000 0.977099 0.000000 0.977099 0.022901
AGATGTGCTC 0.000000 0.126582 0.000000 0.126582 0.873418
CCGTTCTAGA 0.000000 0.634615 0.000000 0.634615 0.365385
TCACTCTACT 0.000000 0.417910 0.000000 0.417910 0.582090
TCAGAATAAG 0.000000 0.446602 0.000000 0.446602 0.553398
GCAACAAACG 0.000000 0.555556 0.000000 0.555556 0.444444
ATAGTCATCC 0.000000 0.578947 0.000000 0.578947 0.421053
CAGACCACCG 0.000000 0.433735 0.000000 0.433735 0.566265
ACATTCGGTT 0.000000 0.894737 0.000000 0.894737 0.105263
TAGTGCTATC 0.000000 0.906077 0.000000 0.906077 0.093923
TACTAGGATA 0.000000 0.352941 0.000000 0.352941 0.647059
TGTCTCTAGA 0.000000 0.791667 0.000000 0.791667 0.208333
CAGCAGTGCT 0.000000 0.226415 0.000000 0.226415 0.773585
AGACTCAGTC 0.000000 0.538462 0.000000 0.538462 0.461538
GATAGATAGT 0.000000 0.228070 0.000000 0.228070 0.771930
TCGGATCGCA 0.000000 0.521739 0.000000 0.521739 0.478261
GACAAGACGA 0.000000 0.666667 0.000000 0.666667 0.333333
CAGTCGCCAC 0.000000 0.886957 0.000000 0.886957 0.113043
GAGTGGGGAT 0.000000 0.923295 0.000000 0.923295 0.076705
CGTGCGTAGT 0.000000 0.850000 0.000000 0.850000 0.150000
TAAGACCATC 0.000000 0.687500 0.000000 0.687500 0.312500
AGATATAGTG 0.000000 0.600000 0.000000 0.600000 0.400000
ACCGAATAGA 0.000000 0.510638 0.000000 0.510638 0.489362
CATAGTGGAC 0.000000 0.800000 0.000000 0.800000 0.200000
GCCCTATTAA 0.000000 0.676471 0.000000 0.676471 0.323529
GACTGCAGCA 0.000000 0.718750 0.000000 0.718750 0.281250
CAGCTGATAT 0.000000 0.812500 0.000000 0.812500 0.187500
GACATCAAAC 0.000000 0.285714 0.000000 0.285714 0.714286
ATCAGACAGG 0.000000 0.885714 0.000000 0.885714 0.114286
CACAGCGCGA 0.000000 0.348361 0.000000 0.348361 0.651639
CATACAGACA 0.000000 0.960000 0.000000 0.960000 0.040000
AGAATAAGGC 0.000000 0.304348 0.000000 0.304348 0.695652
ATCACTAGAG 0.000000 0.787129 0.000000 0.787129 0.212871
TGCAGGACCG 0.000000 0.207143 0.000000 0.207143 0.792857
CCGTAGACGC 0.000000 0.476190 0.000000 0.476190 0.523810
TGCATGAGCA 0.000000 0.766102 0.000000 0.766102 0.233898
AACCATCAGA 0.000000 0.962264 0.000000 0.962264 0.037736
GTAGACGCGC 0.000000 0.629630 0.000000 0.629630 0.370370
ACTCTCATAG 0.000000 0.319328 0.000000 0.319328 0.680672
GATCTCATAG 0.000000 0.096386 0.000000 0.096386 0.903614
ATCAAGTCAA 0.000000 0.800000 0.000000 0.800000 0.200000
GTGCAAGCAT 0.000000 0.276596 0.000000 0.276596 0.723404
GACAGACATA 0.000000 0.945274 0.000000 0.945274 0.054726
TATATCACGT 0.000000 0.864865 0.000000 0.864865 0.135135
TAAGGCGAGT 0.000000 0.588235 0.000000 0.588235 0.411765
CGACGACATA 0.000000 0.937500 0.000000 0.937500 0.062500
TATATGCATG 0.000000 0.812925 0.000000 0.812925 0.187075
CTACGCGCTA 0.000000 0.686275 0.000000 0.686275 0.313725
CGGATATACA 0.000000 0.830189 0.000000 0.830189 0.169811
ATATATATAC 0.000000 0.079320 0.000000 0.079320 0.920680
CACTCTGTAG 0.000000 0.328571 0.000000 0.328571 0.671429
TCAGACAAGG 0.000000 0.343750 0.000000 0.343750 0.656250
CATCTGCAGC 0.000000 0.959596 0.000000 0.959596 0.040404
TCATGTCATC 0.000000 0.647059 0.000000 0.647059 0.352941
CGTGTGTATG 0.000000 0.509756 0.000000 0.509756 0.490244
TGCTCTGCTA 0.000000 0.467742 0.000000 0.467742 0.532258
TAGCACGTGT 0.000000 0.897727 0.000000 0.897727 0.102273
ATCGACGAGT 0.000000 0.658683 0.000000 0.658683 0.341317
TGTATCTAGT 0.000000 0.782609 0.000000 0.782609 0.217391
AACAGACTGC 0.000000 0.350000 0.000000 0.350000 0.650000
CTACAGTAGT 0.000000 0.555556 0.000000 0.555556 0.444444
CTGATGTAGA 0.000000 0.292683 0.000000 0.292683 0.707317
TGGGCCTATA 0.000000 0.881295 0.000000 0.881295 0.118705
GACAGACATT 0.000000 0.920635 0.000000 0.920635 0.079365
CACTCTCATA 0.000000 0.777778 0.000000 0.777778 0.222222
TAGTCGAGAC 0.000000 0.392857 0.000000 0.392857 0.607143
TCATCTAGTG 0.000000 0.954696 0.000000 0.954696 0.045304
CCTCTTGGCG 0.000000 0.925781 0.000000 0.925781 0.074219
GACTACAATT 0.000000 0.900000 0.000000 0.900000 0.100000
GTCTATCATG 0.000000 0.500000 0.000000 0.500000 0.500000
GGCATGGAAC 0.000000 0.368421 0.000000 0.368421 0.631579
AGATACTACT 0.000000 0.875000 0.000000 0.875000 0.125000
TCTCGATCTC 0.000000 0.640000 0.000000 0.640000 0.360000
CACTGTGCAG 0.000000 0.558824 0.000000 0.558824 0.441176
CGTCGACAGA 0.000000 0.931429 0.000000 0.931429 0.068571
TCTCAGCGTG 0.000000 0.962687 0.000000 0.962687 0.037313
TACAGATCGT 0.000000 0.981595 0.000000 0.981595 0.018405
AGTCAGTACA 0.000000 0.919614 0.000000 0.919614 0.080386
CTGATGTAGT 0.000000 0.740741 0.000000 0.740741 0.259259
CATGCAGAGC 0.000000 0.122222 0.000000 0.122222 0.877778
ACTCATCATA 0.000000 0.833333 0.000000 0.833333 0.166667
ATATGCGCGT 0.000000 0.307190 0.000000 0.307190 0.692810
CAGTGACTGA 0.000000 0.720000 0.000000 0.720000 0.280000
GTTCGACATA 0.000000 0.717949 0.000000 0.717949 0.282051
TCTCGACACG 0.000000 0.346154 0.000000 0.346154 0.653846
CGTCGACAGT 0.000000 0.437500 0.000000 0.437500 0.562500
ACTATCATAT 0.000000 0.937931 0.000000 0.937931 0.062069
CGTAGTGCTA 0.000000 0.894444 0.000000 0.894444 0.105556
CGCTCGATAT 0.000000 0.809524 0.000000 0.809524 0.190476
CGCTGGACAA 0.000000 0.956044 0.000000 0.956044 0.043956
CGTAGTGCTG 0.000000 0.377049 0.000000 0.377049 0.622951
GTAAGACCGT 0.000000 0.934211 0.000000 0.934211 0.065789
ACGAATAGAC 0.000000 0.888889 0.000000 0.888889 0.111111
GCTCGATGAT 0.000000 0.761905 0.000000 0.761905 0.238095
TCACGCATAC 0.000000 0.895522 0.000000 0.895522 0.104478
GCGAGCCTCA 0.000000 0.244898 0.000000 0.244898 0.755102
GCGAATACAG 0.000000 0.157895 0.000000 0.157895 0.842105
ATGATGAGTG 0.000000 0.323129 0.000000 0.323129 0.676871
TAGATACAGT 0.000000 0.450000 0.000000 0.450000 0.550000
TAGTATGTAC 0.000000 0.779904 0.000000 0.779904 0.220096
CCATCAGGTT 0.000000 0.555556 0.000000 0.555556 0.444444
TCATATGAGC 0.000000 0.675676 0.000000 0.675676 0.324324
TCATACCGTG 0.000000 0.929907 0.000000 0.929907 0.070093
AGTACAGTCT 0.000000 0.634146 0.000000 0.634146 0.365854
GTGAGCTGTG 0.000000 0.683673 0.000000 0.683673 0.316327
ACGAATAGAT 0.000000 0.310345 0.000000 0.310345 0.689655
TGTCTGTCGA 0.000000 0.875000 0.000000 0.875000 0.125000
CGTCAGTCAT 0.000000 0.554217 0.000000 0.554217 0.445783
TCCCCCACCC 0.000000 0.759615 0.000000 0.759615 0.240385
GATACGAGAC 0.000000 0.291667 0.000000 0.291667 0.708333
AGTGATAGAC 0.000000 0.295455 0.000000 0.295455 0.704545
AACAGGACAA 0.000000 0.620690 0.000000 0.620690 0.379310
GTGCTAGATT 0.000000 0.946154 0.000000 0.946154 0.053846
AACAGGACAG 0.000000 0.525424 0.000000 0.525424 0.474576
CAAGCATATA 0.000000 0.979592 0.000000 0.979592 0.020408
TGTAGACATG 0.000000 0.782609 0.000000 0.782609 0.217391
ACTCATGTAG 0.000000 0.526316 0.000000 0.526316 0.473684
CCATTCGACA 0.000000 0.533333 0.000000 0.533333 0.466667
GCGCACACTG 0.000000 0.219512 0.000000 0.219512 0.780488
TAGCTTCACA 0.000000 0.718919 0.000000 0.718919 0.281081
AGTTCTATAG 0.000000 0.302632 0.000000 0.302632 0.697368
TGAGCAGACA 0.000000 0.861111 0.000000 0.861111 0.138889
AGTGATAGAT 0.000000 0.571429 0.000000 0.571429 0.428571
GAGACAGTGT 0.000000 0.710145 0.000000 0.710145 0.289855
CATGTCGCGT 0.000000 0.602564 0.000000 0.602564 0.397436
GACGTAGACG 0.000000 0.733333 0.000000 0.733333 0.266667
GCACATGCCC 0.000000 0.885135 0.000000 0.885135 0.114865
CTGACTATCT 0.000000 0.928571 0.000000 0.928571 0.071429
GTGCCTCGAC 0.000000 0.965517 0.000000 0.965517 0.034483
TGCTCTCACG 0.000000 0.079592 0.000000 0.079592 0.920408
TAGTTCATCA 0.000000 0.849057 0.000000 0.849057 0.150943
TTCTTTGCCT 0.000000 0.573427 0.000000 0.573427 0.426573
CGATGTGTGC 0.000000 0.331950 0.000000 0.331950 0.668050
GCAGACCACC 0.000000 0.808824 0.000000 0.808824 0.191176
ACCGTACGAA 0.000000 0.363636 0.000000 0.363636 0.636364
CTCACTCTAC 0.000000 0.534483 0.000000 0.534483 0.465517
CATACGACGT 0.000000 0.920000 0.000000 0.920000 0.080000
GGTTCATCAA 0.000000 0.666667 0.000000 0.666667 0.333333
TATGTATCGT 0.000000 0.758242 0.000000 0.758242 0.241758
CTTCACAGGT 0.000000 0.500000 0.000000 0.500000 0.500000
CGAATGTCGC 0.000000 0.571429 0.000000 0.571429 0.428571
TCTCCTGGGC 0.000000 0.224719 0.000000 0.224719 0.775281
AAAGCCAACT 0.000000 0.858209 0.000000 0.858209 0.141791
CGCACTCGTA 0.000000 0.755869 0.000000 0.755869 0.244131
GACTCGACAG 0.000000 0.421053 0.000000 0.421053 0.578947
TAGGACATCA 0.000000 0.844444 0.000000 0.844444 0.155556
TCGTGTATCT 0.000000 0.181319 0.000000 0.181319 0.818681
ACGCGAACAG 0.000000 0.346154 0.000000 0.346154 0.653846
TCCTGGGCGG 0.000000 0.551020 0.000000 0.551020 0.448980
AGACAGGATA 0.000000 0.977778 0.000000 0.977778 0.022222
CTCAGTGTGT 0.000000 0.858824 0.000000 0.858824 0.141176
GATCTCATCT 0.000000 0.101010 0.000000 0.101010 0.898990
CTTCATATCA 0.000000 0.884615 0.000000 0.884615 0.115385
TGCAGTCTGT 0.000000 0.272727 0.000000 0.272727 0.727273
CAAGCCTCGT 0.000000 0.693548 0.000000 0.693548 0.306452
ACCTGTATAC 0.000000 0.336735 0.000000 0.336735 0.663265
TATGCACGTG 0.000000 0.558935 0.000000 0.558935 0.441065
GATAGTGAGA 0.000000 0.542536 0.000000 0.542536 0.457464
GTGATAGATA 0.000000 0.842105 0.000000 0.842105 0.157895
CAGACATCAA 0.000000 0.777778 0.000000 0.777778 0.222222
TAGATCGTAC 0.000000 0.580645 0.000000 0.580645 0.419355
CTCTCATAGA 0.000000 0.918367 0.000000 0.918367 0.081633
TGGATAGATA 0.000000 0.777778 0.000000 0.777778 0.222222
TCGATAGACG 0.000000 0.517241 0.000000 0.517241 0.482759
GTGGGACCTT 0.000000 0.520833 0.000000 0.520833 0.479167
AGTATATGCG 0.000000 0.750000 0.000000 0.750000 0.250000
GTGTGATGTG 0.000000 0.976982 0.000000 0.976982 0.023018
TCCGAACACC 0.000000 0.625000 0.000000 0.625000 0.375000
CCGCTCGACA 0.000000 0.785714 0.000000 0.785714 0.214286
CGCGAACAGT 0.000000 0.812500 0.000000 0.812500 0.187500
GAGAGATCGA 0.000000 0.465753 0.000000 0.465753 0.534247
AAGACGACGA 0.000000 0.783784 0.000000 0.783784 0.216216
TCGCAGTCTC 0.000000 0.692308 0.000000 0.692308 0.307692
CAGACATCAT 0.000000 0.500000 0.000000 0.500000 0.500000
ACAATTCCAT 0.000000 0.937500 0.000000 0.937500 0.062500
TGTGACTATC 0.000000 0.743750 0.000000 0.743750 0.256250
AGGACGTAGA 0.000000 0.454545 0.000000 0.454545 0.545455
GACGTACGAA 0.000000 0.687500 0.000000 0.687500 0.312500
TGATGTAGAG 0.000000 0.362637 0.000000 0.362637 0.637363
CGACGAGTCA 0.000000 0.702381 0.000000 0.702381 0.297619
GACCATCGAA 0.000000 0.769231 0.000000 0.769231 0.230769
CGACGAGTCG 0.000000 0.693333 0.000000 0.693333 0.306667
CTAAGAACAT 0.000000 0.384615 0.000000 0.384615 0.615385
AAGACGACGT 0.000000 0.649123 0.000000 0.649123 0.350877
CTCACACTGT 0.000000 0.375000 0.000000 0.375000 0.625000
CAACTGTTCT 0.000000 0.905028 0.000000 0.905028 0.094972
AGTGCTGTCT 0.000000 0.542373 0.000000 0.542373 0.457627
TCAGTTCTCA 0.000000 0.310811 0.000000 0.310811 0.689189
ACGTGAGCTG 0.000000 0.562044 0.000000 0.562044 0.437956
TTTATATTTG 0.000000 0.638889 0.000000 0.638889 0.361111
TGTAGAGTCA 0.000000 0.625000 0.000000 0.625000 0.375000
GAACAGGACA 0.000000 0.636364 0.000000 0.636364 0.363636
TCAGTGACAT 0.000000 0.918367 0.000000 0.918367 0.081633
ACTGGGCAGT 0.000000 0.824074 0.000000 0.824074 0.175926
GGAGTGGGGA 0.000000 0.276978 0.000000 0.276978 0.723022
TGGACTCGAC 0.000000 0.800000 0.000000 0.800000 0.200000
CAACAAACGT 0.000000 0.636364 0.000000 0.636364 0.363636
TGAGCGACGA 0.000000 0.900585 0.000000 0.900585 0.099415
CAGATGATCT 0.000000 0.492537 0.000000 0.492537 0.507463
GGACTACAAT 0.000000 0.522727 0.000000 0.522727 0.477273
TCGTCAGACT 0.000000 0.200000 0.000000 0.200000 0.800000
GGTGCCTCGA 0.000000 0.940476 0.000000 0.940476 0.059524
CGCGGACTCA 0.000000 0.724138 0.000000 0.724138 0.275862
ATGAACAGGA 0.000000 0.108434 0.000000 0.108434 0.891566
GACGAGTCTC 0.000000 0.271028 0.000000 0.271028 0.728972
ACCTAAGATA 0.000000 0.388889 0.000000 0.388889 0.611111
ATGTCTGTAG 0.000000 0.212766 0.000000 0.212766 0.787234
TCGACGTCAC 0.000000 0.285714 0.000000 0.285714 0.714286
AGGCGAACTC 0.000000 0.727273 0.000000 0.727273 0.272727
CGATAGACTC 0.000000 0.545455 0.000000 0.545455 0.454545
GATGTAGTCG 0.000000 0.270270 0.000000 0.270270 0.729730
TCACTCTAGT 0.000000 0.954545 0.000000 0.954545 0.045455
GCCGACAGGA 0.000000 0.117647 0.000000 0.117647 0.882353
TATACAGATC 0.000000 0.878788 0.000000 0.878788 0.121212
ACGTGTACGT 0.000000 0.438596 0.000000 0.438596 0.561404
ATACTAGTAG 0.000000 0.326087 0.000000 0.326087 0.673913
TGCACGTGAG 0.000000 0.394231 0.000000 0.394231 0.605769
ACTCATGTCG 0.000000 0.884120 0.000000 0.884120 0.115880
TCTACGCGCT 0.000000 0.217593 0.000000 0.217593 0.782407
TCTCACGACA 0.000000 0.622951 0.000000 0.622951 0.377049
TCATGCAGAG 0.000000 0.357143 0.000000 0.357143 0.642857
ACATCAGGAC 0.000000 0.826087 0.000000 0.826087 0.173913
CATGAGCATC 0.000000 0.764706 0.000000 0.764706 0.235294
TACAGTGCGA 0.000000 0.172414 0.000000 0.172414 0.827586
ATGTCTGTAT 0.000000 0.921182 0.000000 0.921182 0.078818
CATGAGCATG 0.000000 0.795181 0.000000 0.795181 0.204819
AGACGTACGA 0.000000 0.382353 0.000000 0.382353 0.617647
ACGTCAGTTC 0.000000 0.160000 0.000000 0.160000 0.840000
CATGTATATG 0.000000 0.500000 0.000000 0.500000 0.500000
CAGCGCGACT 0.000000 0.826923 0.000000 0.826923 0.173077
TCGACCTACA 0.000000 0.750000 0.000000 0.750000 0.250000
TCTCGTGCTC 0.000000 0.500000 0.000000 0.500000 0.500000
AGACGACAAA 0.000000 0.642857 0.000000 0.642857 0.357143
GCACCTCTTG 0.000000 0.699176 0.000000 0.699176 0.300824
GCACTATCAT 0.000000 0.944056 0.000000 0.944056 0.055944
ACGTAGTATA 0.000000 0.827586 0.000000 0.827586 0.172414
ATGTATAGAC 0.000000 0.440000 0.000000 0.440000 0.560000
CTCACGACAG 0.000000 0.156951 0.000000 0.156951 0.843049
AGTTTTAGCA 0.000000 0.796875 0.000000 0.796875 0.203125
GGACCATCGA 0.000000 0.684211 0.000000 0.684211 0.315789
CTGGGACACT 0.000000 0.487805 0.000000 0.487805 0.512195
CTCACTCTCA 0.000000 0.226148 0.000000 0.226148 0.773852
ATCGATCTCA 0.000000 0.250000 0.000000 0.250000 0.750000
GAATGGATAG 0.000000 0.184211 0.000000 0.184211 0.815789
AGTTCATGCC 0.000000 0.793103 0.000000 0.793103 0.206897
TACGGGCCGA 0.000000 0.348837 0.000000 0.348837 0.651163
CTCACTCTCG 0.000000 0.170213 0.000000 0.170213 0.829787
CGTACCAGTC 0.000000 0.363636 0.000000 0.363636 0.636364
GTTCATCGAA 0.000000 0.937500 0.000000 0.937500 0.062500
ATGTATAGAT 0.000000 0.904762 0.000000 0.904762 0.095238
TGTCATCGAA 0.000000 0.285714 0.000000 0.285714 0.714286
GTTCATCGAC 0.000000 0.857143 0.000000 0.857143 0.142857
AGTGACAGTG 0.000000 0.511628 0.000000 0.511628 0.488372
AAATGTGGGA 0.000000 0.099526 0.000000 0.099526 0.900474
CTGTGCGTCT 0.000000 0.421053 0.000000 0.421053 0.578947
GTCAGGACGT 0.000000 0.724138 0.000000 0.724138 0.275862
ATTCGGACCT 0.000000 0.662338 0.000000 0.662338 0.337662
AACCGAGACA 0.000000 0.736842 0.000000 0.736842 0.263158
GACAAACGGA 0.000000 0.113924 0.000000 0.113924 0.886076
GTACACTCGT 0.000000 0.967742 0.000000 0.967742 0.032258
ACACAGTACG 0.000000 0.236111 0.000000 0.236111 0.763889
CGCGCAACAC 0.000000 0.867470 0.000000 0.867470 0.132530
CTCATTCGCC 0.000000 0.818182 0.000000 0.818182 0.181818
GACAAACGGG 0.000000 0.941176 0.000000 0.941176 0.058824
GTGATCACAG 0.000000 0.212766 0.000000 0.212766 0.787234
CCTGCTATAT 0.000000 0.566667 0.000000 0.566667 0.433333
GATCTAGTAT 0.000000 0.794393 0.000000 0.794393 0.205607
GCTGATGATA 0.000000 0.581395 0.000000 0.581395 0.418605
ACATATAGGA 0.000000 0.045455 0.000000 0.045455 0.954545
GCATATACGA 0.000000 0.473684 0.000000 0.473684 0.526316
CGATGATGAG 0.000000 0.248619 0.000000 0.248619 0.751381
ACATAAGGTT 0.000000 0.700000 0.000000 0.700000 0.300000
ATCCGTCAGG 0.000000 0.600000 0.000000 0.600000 0.400000
TCAGATGACG 0.000000 0.812500 0.000000 0.812500 0.187500
TCGCGCAGAC 0.000000 0.882353 0.000000 0.882353 0.117647
TGATGCAGTC 0.000000 0.500000 0.000000 0.500000 0.500000
CGAATAGAAT 0.000000 0.564103 0.000000 0.564103 0.435897
ATAGATGTGC 0.000000 0.159639 0.000000 0.159639 0.840361
CGTACGAACC 0.000000 1.000000 0.000000 1.000000 0.000000
TGGCGAAGGC 0.000000 0.781250 0.000000 0.781250 0.218750
AATAGACATG 0.000000 0.882353 0.000000 0.882353 0.117647
GCTGTGACTC 0.000000 0.148936 0.000000 0.148936 0.851064
CACAAGGAAA 0.000000 0.966480 0.000000 0.966480 0.033520
TAGACGATGT 0.000000 0.907692 0.000000 0.907692 0.092308
CAAACATATG 0.000000 0.292857 0.000000 0.292857 0.707143
ATGCCGTGTA 0.000000 0.188119 0.000000 0.188119 0.811881
GCTGTGACTG 0.000000 0.240741 0.000000 0.240741 0.759259
TGAACAGACA 0.000000 0.842105 0.000000 0.842105 0.157895
CAGAGCGACG 0.000000 0.685714 0.000000 0.685714 0.314286
CAGGACGTAG 0.000000 0.459016 0.000000 0.459016 0.540984
CCTGTTTTTC 0.000000 0.142626 0.000000 0.142626 0.857374
AGGACCAGTA 0.000000 0.375000 0.000000 0.375000 0.625000
GGCAGTGCGG 0.000000 0.393617 0.000000 0.393617 0.606383
GACATATAAG 0.000000 0.297297 0.000000 0.297297 0.702703
CGTTCGTATA 0.000000 0.928571 0.000000 0.928571 0.071429
GACACCGACA 0.000000 0.961538 0.000000 0.961538 0.038462
CGCTGTCTGA 0.000000 0.473684 0.000000 0.473684 0.526316
GTAACAGACT 0.000000 0.384615 0.000000 0.384615 0.615385
GACAGTGTAC 0.000000 0.555556 0.000000 0.555556 0.444444
CAGGACCATC 0.000000 0.600000 0.000000 0.600000 0.400000
ATCAGTCAGT 0.000000 0.811475 0.000000 0.811475 0.188525
ACTCTAGTCA 0.000000 0.960227 0.000000 0.960227 0.039773
ACTGAGCTCA 0.000000 0.111111 0.000000 0.111111 0.888889
GGATGTGAAC 0.000000 0.409091 0.000000 0.409091 0.590909
TGGACTCGCG 0.000000 0.694915 0.000000 0.694915 0.305085
TCTCAGGCCG 0.000000 0.350649 0.000000 0.350649 0.649351
TGATGGAACA 0.000000 0.917808 0.000000 0.917808 0.082192
GACAGTCATC 0.000000 0.981250 0.000000 0.981250 0.018750
TCTGGGCCTA 0.000000 0.795833 0.000000 0.795833 0.204167
CTCGTGCAGC 0.000000 0.727273 0.000000 0.727273 0.272727
GTTCTAGACA 0.000000 0.720930 0.000000 0.720930 0.279070
ATGTGAACAG 0.000000 0.320000 0.000000 0.320000 0.680000
CAGTCGCCGA 0.000000 0.166667 0.000000 0.166667 0.833333
TCTGTGCGTC 0.000000 0.560000 0.000000 0.560000 0.440000
ATATGAGCAG 0.000000 0.674419 0.000000 0.674419 0.325581
CTCGTCTCAT 0.000000 0.941143 0.000000 0.941143 0.058857
CGTAGCGTCG 0.000000 0.470588 0.000000 0.470588 0.529412
AGGACGAACA 0.000000 0.545455 0.000000 0.545455 0.454545
GATGATGTGT 0.000000 0.838462 0.000000 0.838462 0.161538
TCAGATCGAC 0.000000 0.705882 0.000000 0.705882 0.294118
CTGTATCTAC 0.000000 0.924528 0.000000 0.924528 0.075472
GATGTGAGTG 0.000000 0.309091 0.000000 0.309091 0.690909
TATACACGTG 0.000000 0.381818 0.000000 0.381818 0.618182
ATCTACGATG 0.000000 0.500000 0.000000 0.500000 0.500000
GTGTATACCA 0.000000 0.419355 0.000000 0.419355 0.580645
GACACACTAG 0.000000 0.782222 0.000000 0.782222 0.217778
TGATACGCTG 0.000000 0.905405 0.000000 0.905405 0.094595
TACCGAACGA 0.000000 0.500000 0.000000 0.500000 0.500000
GTGTATACCG 0.000000 0.765766 0.000000 0.765766 0.234234
GTCAAACATA 0.000000 0.666667 0.000000 0.666667 0.333333
TGTCGTGTAT 0.000000 0.650685 0.000000 0.650685 0.349315
CCTCGGATCG 0.000000 0.555556 0.000000 0.555556 0.444444
TGTATAGACA 0.000000 0.636364 0.000000 0.636364 0.363636
ACTCACAGCT 0.000000 0.403509 0.000000 0.403509 0.596491
ATATAAGTTC 0.000000 0.793103 0.000000 0.793103 0.206897
AGAACGCGAA 0.000000 0.250000 0.000000 0.250000 0.750000
CGTCATCTAG 0.000000 0.906656 0.000000 0.906656 0.093344
ACGTACGAAT 0.000000 0.307692 0.000000 0.307692 0.692308
GGATACGGAT 0.000000 0.428571 0.000000 0.428571 0.571429
AATGCCGACA 0.000000 0.621622 0.000000 0.621622 0.378378
ATGACGTGTA 0.000000 0.166667 0.000000 0.166667 0.833333
CGACGTGTAT 0.000000 0.892857 0.000000 0.892857 0.107143
CTATCGCGCA 0.000000 0.362500 0.000000 0.362500 0.637500
CGTGTGTCAT 0.000000 0.768116 0.000000 0.768116 0.231884
CAACAGGGCC 0.000000 0.666667 0.000000 0.666667 0.333333
TGTAGTGTAG 0.000000 0.481250 0.000000 0.481250 0.518750
AATGCCGACG 0.000000 0.901961 0.000000 0.901961 0.098039
CGAATAGACA 0.000000 0.869565 0.000000 0.869565 0.130435
GATCTCATGT 0.000000 0.873786 0.000000 0.873786 0.126214
TGACGTATGA 0.000000 0.586207 0.000000 0.586207 0.413793
ATATAGGACA 0.000000 0.809524 0.000000 0.809524 0.190476
ATATAGGACC 0.000000 0.500000 0.000000 0.500000 0.500000
CTAGTCAGTA 0.000000 0.890000 0.000000 0.890000 0.110000
AGAACCTGTT 0.000000 0.953704 0.000000 0.953704 0.046296
CGAACCGACA 0.000000 0.625000 0.000000 0.625000 0.375000
AAAACAGAAT 0.000000 0.481481 0.000000 0.481481 0.518519
ATATAGGACG 0.000000 0.166667 0.000000 0.166667 0.833333
CAGACTGCAA 0.000000 0.583333 0.000000 0.583333 0.416667
TGTAGTGTAT 0.000000 0.841270 0.000000 0.841270 0.158730
GCTATCTCAT 0.000000 0.622222 0.000000 0.622222 0.377778
TGTAGTCATC 0.000000 0.845494 0.000000 0.845494 0.154506
CTAGTCAGTG 0.000000 0.884211 0.000000 0.884211 0.115789
CCGTCGTCAT 0.000000 0.727273 0.000000 0.727273 0.272727
CTCTCGCACT 0.000000 0.827586 0.000000 0.827586 0.172414
GTCTCTCAGC 0.000000 0.946292 0.000000 0.946292 0.053708
ATTCGACGAA 0.000000 0.960000 0.000000 0.960000 0.040000
GATATAGTCA 0.000000 0.928571 0.000000 0.928571 0.071429
TGTCTATACA 0.000000 0.982558 0.000000 0.982558 0.017442
ATGCTTCCAT 0.000000 0.876404 0.000000 0.876404 0.123596
ACCGTATAGG 0.000000 0.210526 0.000000 0.210526 0.789474
AACAGATACC 0.000000 0.880000 0.000000 0.880000 0.120000
GTCGTGTGTA 0.000000 0.094545 0.000000 0.094545 0.905455
GGGCAACATA 0.000000 0.976190 0.000000 0.976190 0.023810
ACAGGTTCAT 0.000000 0.853659 0.000000 0.853659 0.146341
GTAACATACC 0.000000 0.357143 0.000000 0.357143 0.642857
AGTCTCTGTA 0.000000 0.757455 0.000000 0.757455 0.242545
AGTCTCTGTC 0.000000 0.839506 0.000000 0.839506 0.160494
CGTCAGTCGA 0.000000 0.566667 0.000000 0.566667 0.433333
CATCCTCGCC 0.000000 0.905172 0.000000 0.905172 0.094828
TCATCGTCGT 0.000000 0.971499 0.000000 0.971499 0.028501
TAGCTCGTGA 0.000000 0.390805 0.000000 0.390805 0.609195
ATCAAGACAC 0.000000 0.948454 0.000000 0.948454 0.051546
TTCATATCAA 0.000000 0.931507 0.000000 0.931507 0.068493
CTCTGTAGCG 0.000000 0.774958 0.000000 0.774958 0.225042
TAGTGGACTC 0.000000 0.520000 0.000000 0.520000 0.480000
AAGTGCCTCA 0.000000 0.125000 0.000000 0.125000 0.875000
AGTCGCCACT 0.000000 0.800000 0.000000 0.800000 0.200000
TGATCGCAGT 0.000000 0.192308 0.000000 0.192308 0.807692
TAGAACGGAT 0.000000 0.545455 0.000000 0.545455 0.454545
GTCAGTGACA 0.000000 0.930000 0.000000 0.930000 0.070000
TCGTGCTGTG 0.000000 0.414201 0.000000 0.414201 0.585799
GATGATATAC 0.000000 0.202899 0.000000 0.202899 0.797101
GACCGAATAG 0.000000 0.230769 0.000000 0.230769 0.769231
GAGCCATGAA 0.000000 0.722222 0.000000 0.722222 0.277778
ATATGAGCCA 0.000000 0.920635 0.000000 0.920635 0.079365
AATACCGAAC 0.000000 0.333333 0.000000 0.333333 0.666667
ATCATCCGAA 0.000000 0.666667 0.000000 0.666667 0.333333
TCACATCGAC 0.000000 0.760000 0.000000 0.760000 0.240000
GTGAATGCCG 0.000000 0.377358 0.000000 0.377358 0.622642
GCGCAACACA 0.000000 0.960000 0.000000 0.960000 0.040000
CAGTTCGTCT 0.000000 0.681818 0.000000 0.681818 0.318182
GAACATAGAC 0.000000 0.312500 0.000000 0.312500 0.687500
AACGGATAGT 0.000000 0.392857 0.000000 0.392857 0.607143
GCCATCAGAC 0.000000 0.750000 0.000000 0.750000 0.250000
ACAGATAGCA 0.000000 0.354167 0.000000 0.354167 0.645833
ACATCATGCT 0.000000 0.709091 0.000000 0.709091 0.290909
CTCAACACAA 0.000000 0.839506 0.000000 0.839506 0.160494
GTGTAGATGT 0.000000 0.916667 0.000000 0.916667 0.083333
GTCAGTCGAC 0.000000 0.833333 0.000000 0.833333 0.166667
CTCGATGATC 0.000000 0.192308 0.000000 0.192308 0.807692
ACCGGACCGC 0.000000 0.700000 0.000000 0.700000 0.300000
GCGTGTCTCT 0.000000 0.725806 0.000000 0.725806 0.274194
TACACATGCG 0.000000 0.914634 0.000000 0.914634 0.085366
TGCAGTCGAG 0.000000 0.310345 0.000000 0.310345 0.689655
GACGTATAGT 0.000000 0.315789 0.000000 0.315789 0.684211
ATTTAACCCT 0.000000 0.479616 0.000000 0.479616 0.520384
TCGCCACTGG 0.000000 0.917526 0.000000 0.917526 0.082474
TCATCGACAT 0.000000 0.400000 0.000000 0.400000 0.600000
GGTTCATCGA 0.000000 0.885714 0.000000 0.885714 0.114286
GTAGCTCGAG 0.000000 0.279412 0.000000 0.279412 0.720588
TCCTCGCCGA 0.000000 0.868421 0.000000 0.868421 0.131579
AGGCAGACAG 0.000000 0.754098 0.000000 0.754098 0.245902
GCGGATCAAG 0.000000 0.135484 0.000000 0.135484 0.864516
GTGTCTGATA 0.000000 0.545455 0.000000 0.545455 0.454545
TGCTATATAA 0.000000 0.156028 0.000000 0.156028 0.843972
CAGACGTTCA 0.000000 0.666667 0.000000 0.666667 0.333333
AAGACAAACG 0.000000 0.391304 0.000000 0.391304 0.608696
ATCTATCGCA 0.000000 0.183333 0.000000 0.183333 0.816667
CTACGCACTA 0.000000 0.970370 0.000000 0.970370 0.029630
CGAACGTCAG 0.000000 0.431034 0.000000 0.431034 0.568966
TGTCGCAGAC 0.000000 0.423729 0.000000 0.423729 0.576271
GCATGTAGTC 0.000000 0.831633 0.000000 0.831633 0.168367
CGACGTGTCT 0.000000 0.588235 0.000000 0.588235 0.411765
CAACAACAAG 0.000000 0.721868 0.000000 0.721868 0.278132
GTGTCTGATG 0.000000 0.500000 0.000000 0.500000 0.500000
CAGACGTTCG 0.000000 0.900000 0.000000 0.900000 0.100000
GACTCGACGT 0.000000 0.451613 0.000000 0.451613 0.548387
TCGAACGCCG 0.000000 0.833333 0.000000 0.833333 0.166667
TCAGACCGTA 0.000000 0.865672 0.000000 0.865672 0.134328
CAGTACATCA 0.000000 0.905830 0.000000 0.905830 0.094170
AGACACTAAC 0.000000 0.903614 0.000000 0.903614 0.096386
CGGACAGAAG 0.000000 0.857143 0.000000 0.857143 0.142857
ACAGTGCGAA 0.000000 0.500000 0.000000 0.500000 0.500000
ATAATGAGTT 0.000000 0.920000 0.000000 0.920000 0.080000
TCGAACTCAT 0.000000 0.925926 0.000000 0.925926 0.074074
TATACTGATC 0.000000 0.027778 0.000000 0.027778 0.972222
CGCTCGTGCT 0.000000 0.600000 0.000000 0.600000 0.400000
ACCGTGCAAG 0.000000 0.287975 0.000000 0.287975 0.712025
TCAGGACCAT 0.000000 1.000000 0.000000 1.000000 0.000000
CGTATCGACA 0.000000 0.750000 0.000000 0.750000 0.250000
AAGGAAACAG 0.000000 0.712644 0.000000 0.712644 0.287356
GCCTATAGCT 0.000000 0.813043 0.000000 0.813043 0.186957
GCGACTCGTA 0.000000 0.287037 0.000000 0.287037 0.712963
TCACGGAGTG 0.000000 0.879570 0.000000 0.879570 0.120430
GCGACTCGTC 0.000000 0.760870 0.000000 0.760870 0.239130
AGTCATCCTC 0.000000 0.818182 0.000000 0.818182 0.181818
GACGGACCGA 0.000000 0.666667 0.000000 0.666667 0.333333
TAGATCGTGT 0.000000 0.917197 0.000000 0.917197 0.082803
AACAACGGAC 0.000000 0.953125 0.000000 0.953125 0.046875
CAGACATCGT 0.000000 0.964461 0.000000 0.964461 0.035539
AGCTAGTGAC 0.000000 0.760000 0.000000 0.760000 0.240000
CTCATCTCAG 0.000000 0.212121 0.000000 0.212121 0.787879
CTCATGCAGA 0.000000 0.400000 0.000000 0.400000 0.600000
TGTGACTCAT 0.000000 0.586207 0.000000 0.586207 0.413793
TCGCCGACAC 0.000000 0.981308 0.000000 0.981308 0.018692
ATCTCGTCAT 0.000000 0.937450 0.000000 0.937450 0.062550
CGTAGTACTC 0.000000 0.605263 0.000000 0.605263 0.394737
GTGCTATCAC 0.000000 0.888889 0.000000 0.888889 0.111111
GGAAGCAACT 0.000000 0.920635 0.000000 0.920635 0.079365
GTATATGCGA 0.000000 0.138298 0.000000 0.138298 0.861702
TTCAAGTTGG 0.000000 0.895833 0.000000 0.895833 0.104167
ACTGAATGCC 0.000000 0.809524 0.000000 0.809524 0.190476
TGAGTCTCGA 0.000000 0.257143 0.000000 0.257143 0.742857
AATAAGGCTA 0.000000 0.312500 0.000000 0.312500 0.687500
GCTCTAGATG 0.000000 0.895522 0.000000 0.895522 0.104478
AGTATGTACG 0.000000 0.897143 0.000000 0.897143 0.102857
ATAGGATATA 0.000000 0.909091 0.000000 0.909091 0.090909
GACATAGAGT 0.000000 0.674419 0.000000 0.674419 0.325581
CTCACATACA 0.000000 0.909091 0.000000 0.909091 0.090909
ACACTGTAAC 0.000000 0.321429 0.000000 0.321429 0.678571
TTTTTTTGTG 0.000000 0.151961 0.000000 0.151961 0.848039
AGTCGTGCGT 0.000000 0.531915 0.000000 0.531915 0.468085
GGACTACAGT 0.000000 0.489796 0.000000 0.489796 0.510204
ACCACCGAGT 0.000000 0.423077 0.000000 0.423077 0.576923
GCGCTCACTC 0.000000 0.328671 0.000000 0.328671 0.671329
CGAGTATAGT 0.000000 0.836957 0.000000 0.836957 0.163043
ACGTATAGTC 0.000000 0.307692 0.000000 0.307692 0.692308
GAGTATAGTC 0.000000 0.915663 0.000000 0.915663 0.084337
CTCATTAACT 0.000000 0.874396 0.000000 0.874396 0.125604
ACAGTGTACG 0.000000 0.698113 0.000000 0.698113 0.301887
ACTCATATAA 0.000000 0.141414 0.000000 0.141414 0.858586
GAACGTGCCA 0.000000 0.437500 0.000000 0.437500 0.562500
AATGTACGCG 0.000000 0.788462 0.000000 0.788462 0.211538
CGAGTTCGAC 0.000000 0.550000 0.000000 0.550000 0.450000
ATAGAATGCT 0.000000 0.325581 0.000000 0.325581 0.674419
GCGCGTAGTG 0.000000 0.484848 0.000000 0.484848 0.515152
CAGGGCAACA 0.000000 0.945946 0.000000 0.945946 0.054054
AATATAGACC 0.000000 0.777778 0.000000 0.777778 0.222222
GACTGGGACA 0.000000 0.421053 0.000000 0.421053 0.578947
AACTCCTTCA 0.000000 0.893750 0.000000 0.893750 0.106250
GTCGCCGTAG 0.000000 0.407407 0.000000 0.407407 0.592593
TAGTGAGATG 0.000000 0.905405 0.000000 0.905405 0.094595
GTCATCATAC 0.000000 0.934524 0.000000 0.934524 0.065476
TCCGCGCCAT 0.000000 0.411765 0.000000 0.411765 0.588235
AGCAGCAGTA 0.000000 0.645161 0.000000 0.645161 0.354839
GTATAGATAG 0.000000 0.730769 0.000000 0.730769 0.269231
TCACATCGCG 0.000000 0.813953 0.000000 0.813953 0.186047
GTCTGATATA 0.000000 0.500000 0.000000 0.500000 0.500000
TGATAGATAG 0.000000 0.350000 0.000000 0.350000 0.650000
TGCCATCATC 0.000000 0.909091 0.000000 0.909091 0.090909
TCGCTGTCTG 0.000000 0.102564 0.000000 0.102564 0.897436
AGACCGTAGT 0.000000 0.796296 0.000000 0.796296 0.203704
GACTGGCGAA 0.000000 0.901408 0.000000 0.901408 0.098592
GTCATCATAT 0.000000 0.583333 0.000000 0.583333 0.416667
ATCATCCGCT 0.000000 0.617021 0.000000 0.617021 0.382979
TCAGGCAGAC 0.000000 0.891304 0.000000 0.891304 0.108696
AATAGTGTAT 0.000000 0.619048 0.000000 0.619048 0.380952
GTCTAGCTGA 0.000000 0.350000 0.000000 0.350000 0.650000
CAAGGCCGAC 0.000000 0.809524 0.000000 0.809524 0.190476
AAACGGGACA 0.000000 0.588235 0.000000 0.588235 0.411765
CGGATCGCAA 0.000000 0.791667 0.000000 0.791667 0.208333
CGTCAGACCG 0.000000 0.923077 0.000000 0.923077 0.076923
AGTGTGTAGT 0.000000 0.720930 0.000000 0.720930 0.279070
GAGTCGTAGC 0.000000 0.707317 0.000000 0.707317 0.292683
CGCGACGTGC 0.000000 0.653846 0.000000 0.653846 0.346154
ACTGCGTGTC 0.000000 0.097222 0.000000 0.097222 0.902778
TCATATAAGA 0.000000 0.333333 0.000000 0.333333 0.666667
CATTTAACCC 0.000000 0.980100 0.000000 0.980100 0.019900
TAGCGTCGCA 0.000000 0.190840 0.000000 0.190840 0.809160
GCAGCTGATA 0.000000 0.900000 0.000000 0.900000 0.100000
GTAGCTCGCT 0.000000 0.515625 0.000000 0.515625 0.484375
TCGTCACGGA 0.000000 0.635389 0.000000 0.635389 0.364611
ACGTGCCATC 0.000000 0.944444 0.000000 0.944444 0.055556
ATCGCGTATG 0.000000 0.302521 0.000000 0.302521 0.697479
TCATGTATCT 0.000000 0.934589 0.000000 0.934589 0.065411
GACGTGTCTG 0.000000 0.304878 0.000000 0.304878 0.695122
AGACAGTCAT 0.000000 0.946309 0.000000 0.946309 0.053691
ACGTGTCACA 0.000000 0.843750 0.000000 0.843750 0.156250
ACCATTCGAC 0.000000 0.833333 0.000000 0.833333 0.166667
CCGTGAATCA 0.000000 0.909605 0.000000 0.909605 0.090395
ATTACAGCTG 0.000000 0.952055 0.000000 0.952055 0.047945
CTCGACACGC 0.000000 0.909091 0.000000 0.909091 0.090909
CGTAAGACCG 0.000000 0.628571 0.000000 0.628571 0.371429
TCGAACTCCT 0.000000 0.650794 0.000000 0.650794 0.349206
CATGTCACGT 0.000000 0.526316 0.000000 0.526316 0.473684
ACGACTATCG 0.000000 0.680000 0.000000 0.680000 0.320000
ATCTCACTCA 0.000000 0.616438 0.000000 0.616438 0.383562
GCGCATGCTA 0.000000 0.441176 0.000000 0.441176 0.558824
CAGATACACG 0.000000 0.113069 0.000000 0.113069 0.886931
CATCAAACAT 0.000000 0.411765 0.000000 0.411765 0.588235
TGTCACTCAG 0.000000 0.396154 0.000000 0.396154 0.603846
ACGGGACAAA 0.000000 0.375000 0.000000 0.375000 0.625000
AGCGCGACTC 0.000000 0.612245 0.000000 0.612245 0.387755
ATGTGTACAC 0.000000 0.697183 0.000000 0.697183 0.302817
TCGAGTATAG 0.000000 0.631579 0.000000 0.631579 0.368421
TCTAGTCAGT 0.000000 0.786957 0.000000 0.786957 0.213043
AGTGCTATCA 0.000000 0.936416 0.000000 0.936416 0.063584
TCACAGTCTC 0.000000 0.651786 0.000000 0.651786 0.348214
GATATAGTGT 0.000000 0.852941 0.000000 0.852941 0.147059
CATTTGTTGC 0.000000 0.820961 0.000000 0.820961 0.179039
ACGGACCTGC 0.000000 0.700000 0.000000 0.700000 0.300000
GACATATAGA 0.000000 0.800000 0.000000 0.800000 0.200000
GTCGACAGAC 0.000000 0.964497 0.000000 0.964497 0.035503
GAAAGCCAAC 0.000000 0.915385 0.000000 0.915385 0.084615
ACGTGCGTAG 0.000000 0.550000 0.000000 0.550000 0.450000
CTCGATCGTC 0.000000 0.846154 0.000000 0.846154 0.153846
GATACTACTG 0.000000 0.503937 0.000000 0.503937 0.496063
GACATATAGG 0.000000 0.214286 0.000000 0.214286 0.785714
TACCGTACGA 0.000000 0.733333 0.000000 0.733333 0.266667
ATTCCATCTG 0.000000 0.900000 0.000000 0.900000 0.100000
AGTCGTACAG 0.000000 0.276596 0.000000 0.276596 0.723404
TGATATACAC 0.000000 0.941176 0.000000 0.941176 0.058824
TCATCAGACG 0.000000 0.860465 0.000000 0.860465 0.139535
CAGTGATAGA 0.000000 0.620690 0.000000 0.620690 0.379310
TGAACTCGAA 0.000000 0.571429 0.000000 0.571429 0.428571
GGCGCTTGCT 0.000000 0.877797 0.000000 0.877797 0.122203
ACCATACGGG 0.000000 0.981818 0.000000 0.981818 0.018182
TCTCATCTCA 0.000000 0.418182 0.000000 0.418182 0.581818
CGCTGCTATC 0.000000 0.949275 0.000000 0.949275 0.050725
CTTTTTTTTT 0.000000 0.997955 0.000000 0.997955 0.002045
GCGCTGATGT 0.000000 0.948276 0.000000 0.948276 0.051724
ATGGATAGAT 0.000000 0.360000 0.000000 0.360000 0.640000
GGACCGGGAT 0.000000 0.920354 0.000000 0.920354 0.079646
TTTGCCTGTG 0.000000 0.555556 0.000000 0.555556 0.444444
GTTCTATAGA 0.000000 0.378378 0.000000 0.378378 0.621622
ATCTACGCAC 0.000000 0.956250 0.000000 0.956250 0.043750
AGAGACTAGA 0.000000 0.680851 0.000000 0.680851 0.319149
GATCGCTCGA 0.000000 0.934524 0.000000 0.934524 0.065476
GGCCGACAAA 0.000000 0.947368 0.000000 0.947368 0.052632
TAAGAACATA 0.000000 0.700000 0.000000 0.700000 0.300000
GCGCGACTCA 0.000000 0.855670 0.000000 0.855670 0.144330
TCCGCTGCGG 0.000000 0.643564 0.000000 0.643564 0.356436
GTCAGTGAGT 0.000000 0.250000 0.000000 0.250000 0.750000
GTCTCGTGTG 0.000000 0.565217 0.000000 0.565217 0.434783
ATCAAACGAA 0.000000 0.937500 0.000000 0.937500 0.062500
TGTCGTGTGC 0.000000 0.409871 0.000000 0.409871 0.590129
TGAACGCAAA 0.000000 0.830986 0.000000 0.830986 0.169014
GCGTGTCTGT 0.000000 0.500000 0.000000 0.500000 0.500000
CGCAGTCTCG 0.000000 0.073171 0.000000 0.073171 0.926829
CACGTCTGTG 0.000000 0.838235 0.000000 0.838235 0.161765
ACATACCTGT 0.000000 0.892857 0.000000 0.892857 0.107143
ACCATCTATC 0.000000 0.542857 0.000000 0.542857 0.457143
TGTATCGATA 0.000000 0.611111 0.000000 0.611111 0.388889
CTTGGCGCTT 0.000000 0.928726 0.000000 0.928726 0.071274
TGTATCGATC 0.000000 0.526316 0.000000 0.526316 0.473684
AACAGACGGA 0.000000 0.441176 0.000000 0.441176 0.558824
TCGTCAAACG 0.000000 0.750000 0.000000 0.750000 0.250000
TGTCGTGTGT 0.000000 0.985748 0.000000 0.985748 0.014252
TATGATTCTC 0.000000 0.848485 0.000000 0.848485 0.151515
GAACCAATCC 0.000000 0.933333 0.000000 0.933333 0.066667
GTAGAGTTCA 0.000000 0.781250 0.000000 0.781250 0.218750
TATGAACAGG 0.000000 0.642857 0.000000 0.642857 0.357143
TCTATCGACT 0.000000 0.266667 0.000000 0.266667 0.733333
AATGTATAGA 0.000000 0.681818 0.000000 0.681818 0.318182
TTCCATACCT 0.000000 0.537190 0.000000 0.537190 0.462810
CTGTGCATCT 0.000000 0.786885 0.000000 0.786885 0.213115
CGCTAGAGTC 0.000000 0.454545 0.000000 0.454545 0.545455
ACTCGACGTG 0.000000 0.772727 0.000000 0.772727 0.227273
GAATGTACGC 0.000000 0.545455 0.000000 0.545455 0.454545
TCAGACTCAG 0.000000 0.851485 0.000000 0.851485 0.148515
GTCGTCATGC 0.000000 0.350000 0.000000 0.350000 0.650000
ATACGACGTC 0.000000 0.981818 0.000000 0.981818 0.018182
CGTCACAAGG 0.000000 0.559767 0.000000 0.559767 0.440233
GATGTGCTCG 0.000000 0.280000 0.000000 0.280000 0.720000
AAGGCGACTC 0.000000 0.731250 0.000000 0.731250 0.268750
GATAGATATG 0.000000 0.372549 0.000000 0.372549 0.627451
GGGGACTGGG 0.000000 0.868421 0.000000 0.868421 0.131579
AGGCAAGACG 0.000000 0.150000 0.000000 0.150000 0.850000
GCTCGGTAGC 0.000000 0.333333 0.000000 0.333333 0.666667
GTCGTCATGT 0.000000 0.937500 0.000000 0.937500 0.062500
GAGACTCCGC 0.000000 0.476190 0.000000 0.476190 0.523810
CTCGTCACAT 0.000000 0.155797 0.000000 0.155797 0.844203
TCAACGAATG 0.000000 0.750000 0.000000 0.750000 0.250000
ATTCGACGGA 0.000000 0.250000 0.000000 0.250000 0.750000
ATCTGCAGCT 0.000000 0.718475 0.000000 0.718475 0.281525
AGAATGTATA 0.000000 0.640000 0.000000 0.640000 0.360000
CAAACATCCG 0.000000 0.359375 0.000000 0.359375 0.640625
ATTCGACGGG 0.000000 0.900000 0.000000 0.900000 0.100000
GCGTAGTGTG 0.000000 0.549296 0.000000 0.549296 0.450704
CGTGCAAGTG 0.000000 0.321429 0.000000 0.321429 0.678571
AGATAGACGA 0.000000 0.935484 0.000000 0.935484 0.064516
CTCGTACGTC 0.000000 0.447761 0.000000 0.447761 0.552239
CGAGACGCGC 0.000000 0.959184 0.000000 0.959184 0.040816
ACAGGTTCGT 0.000000 0.428571 0.000000 0.428571 0.571429
CACACTGTCA 0.000000 0.592593 0.000000 0.592593 0.407407
CTGAGCCATG 0.000000 0.520000 0.000000 0.520000 0.480000
CTCATAGATA 0.000000 0.897436 0.000000 0.897436 0.102564
CAATTCCATC 0.000000 0.960526 0.000000 0.960526 0.039474
TCATTCGCCT 0.000000 0.087719 0.000000 0.087719 0.912281
GCTTTATCGT 0.000000 0.949772 0.000000 0.949772 0.050228
TATGACGTAT 0.000000 0.786885 0.000000 0.786885 0.213115
CAAGACGTAC 0.000000 0.694444 0.000000 0.694444 0.305556
TGCATACATG 0.000000 0.537778 0.000000 0.537778 0.462222
CCATGTCATC 0.000000 0.500000 0.000000 0.500000 0.500000
TATCTGGGCC 0.000000 0.919811 0.000000 0.919811 0.080189
TATCTGTGAC 0.000000 0.480000 0.000000 0.480000 0.520000
AGAATAAGTG 0.000000 0.709402 0.000000 0.709402 0.290598
TGTCTTCGCC 0.000000 0.650000 0.000000 0.650000 0.350000
TGGGACACTG 0.000000 0.437500 0.000000 0.437500 0.562500
CATACCTCAT 0.000000 0.790698 0.000000 0.790698 0.209302
TCGCACTCGT 0.000000 0.947977 0.000000 0.947977 0.052023
TCACTAGAGA 0.000000 0.516245 0.000000 0.516245 0.483755
AACAGTCGCA 0.000000 0.656250 0.000000 0.656250 0.343750
TCATCATACC 0.000000 0.925466 0.000000 0.925466 0.074534
ATCGACGATG 0.000000 0.300000 0.000000 0.300000 0.700000
