CACGA 0.000000 0.540865 0.000000 0.540865 0.459135
AGCTC 0.000000 0.545873 0.000000 0.545873 0.454127
ACCTC 0.000000 0.740955 0.000000 0.740955 0.259045
CACGC 0.000000 0.922414 0.000000 0.922414 0.077586
CACCC 0.000000 0.759615 0.000000 0.759615 0.240385
GACAG 0.000000 0.579012 0.000000 0.579012 0.420988
ACCTG 0.000000 0.764929 0.000000 0.764929 0.235071
AGCTG 0.000000 0.712963 0.000000 0.712963 0.287037
CACGG 0.000000 0.885813 0.000000 0.885813 0.114187
CACCG 0.000000 0.568254 0.000000 0.568254 0.431746
GACAT 0.000000 0.767280 0.000000 0.767280 0.232720
GCGTA 0.000000 0.470307 0.000000 0.470307 0.529693
ACCTT 0.000000 0.551724 0.000000 0.551724 0.448276
AGCTT 0.000000 0.856725 0.000000 0.856725 0.143275
GCGTC 0.000000 0.669492 0.000000 0.669492 0.330508
CACGT 0.000000 0.651017 0.000000 0.651017 0.348983
CACCT 0.000000 0.887173 0.000000 0.887173 0.112827
ATTTA 0.000000 0.854545 0.000000 0.854545 0.145455
GCGTG 0.000000 0.836074 0.000000 0.836074 0.163926
AAGGA 0.000000 0.712281 0.000000 0.712281 0.287719
AAGCA 0.000000 0.758958 0.000000 0.758958 0.241042
ATTTG 0.000000 0.473413 0.000000 0.473413 0.526587
TACAA 0.000000 0.715000 0.000000 0.715000 0.285000
AAGGC 0.000000 0.730145 0.000000 0.730145 0.269855
AAGCC 0.000000 0.768730 0.000000 0.768730 0.231270
TACAC 0.000000 0.767363 0.000000 0.767363 0.232637
CCATA 0.000000 0.916509 0.000000 0.916509 0.083491
AAGGG 0.000000 0.888889 0.000000 0.888889 0.111111
CCATC 0.000000 0.818034 0.000000 0.818034 0.181966
TACAG 0.000000 0.618387 0.000000 0.618387 0.381613
GCGTT 0.000000 0.778761 0.000000 0.778761 0.221239
CCATG 0.000000 0.639456 0.000000 0.639456 0.360544
AAAAA 0.000000 0.988318 0.000000 0.988318 0.011682
TTGGA 0.000000 0.530612 0.000000 0.530612 0.469388
AAAAC 0.000000 0.029851 0.000000 0.029851 0.970149
ATTTT 0.000000 0.989529 0.000000 0.989529 0.010471
TTGCA 0.000000 0.784689 0.000000 0.784689 0.215311
TTGGC 0.000000 0.905380 0.000000 0.905380 0.094620
TTGCC 0.000000 0.663462 0.000000 0.663462 0.336538
AAGGT 0.000000 0.670455 0.000000 0.670455 0.329545
TACAT 0.000000 0.595506 0.000000 0.595506 0.404494
CCATT 0.000000 0.875000 0.000000 0.875000 0.125000
GGCAA 0.000000 0.812121 0.000000 0.812121 0.187879
TTAAA 0.000000 0.760000 0.000000 0.760000 0.240000
GGCAC 0.000000 0.885553 0.000000 0.885553 0.114447
TTAAC 0.000000 0.934322 0.000000 0.934322 0.065678
CGCGA 0.000000 0.320802 0.000000 0.320802 0.679198
CGCCA 0.000000 0.521186 0.000000 0.521186 0.478814
CGCGC 0.000000 0.929109 0.000000 0.929109 0.070891
GGCAG 0.000000 0.730924 0.000000 0.730924 0.269076
AAAAT 0.000000 0.184035 0.000000 0.184035 0.815965
CGCCC 0.000000 0.911504 0.000000 0.911504 0.088496
CGCGG 0.000000 0.655172 0.000000 0.655172 0.344828
TTGCT 0.000000 0.877797 0.000000 0.877797 0.122203
CGCCG 0.000000 0.555412 0.000000 0.555412 0.444588
GGCAT 0.000000 0.666667 0.000000 0.666667 0.333333
GAGTA 0.000000 0.772340 0.000000 0.772340 0.227660
CGCGT 0.000000 0.292014 0.000000 0.292014 0.707986
GAGTC 0.000000 0.641684 0.000000 0.641684 0.358316
CGCCT 0.000000 0.189655 0.000000 0.189655 0.810345
GAGTG 0.000000 0.508903 0.000000 0.508903 0.491097
GTCAA 0.000000 0.857143 0.000000 0.857143 0.142857
GTCAC 0.000000 0.530889 0.000000 0.530889 0.469111
AGGGA 0.000000 0.222431 0.000000 0.222431 0.777569
ACGGA 0.000000 0.432311 0.000000 0.432311 0.567689
CTCGA 0.000000 0.586599 0.000000 0.586599 0.413401
AGGCA 0.000000 0.872598 0.000000 0.872598 0.127402
ACGCA 0.000000 0.691247 0.000000 0.691247 0.308753
AGGGC 0.000000 0.327681 0.000000 0.327681 0.672319
TGCAA 0.000000 0.894737 0.000000 0.894737 0.105263
CTCGC 0.000000 0.874542 0.000000 0.874542 0.125458
ACGCC 0.000000 0.644444 0.000000 0.644444 0.355556
GTCAG 0.000000 0.449222 0.000000 0.449222 0.550778
AGGCC 0.000000 0.895522 0.000000 0.895522 0.104478
CAATA 0.000000 0.929515 0.000000 0.929515 0.070485
TCCAC 0.000000 0.734694 0.000000 0.734694 0.265306
TGCAC 0.000000 0.870157 0.000000 0.870157 0.129843
CCTTA 0.000000 0.138182 0.000000 0.138182 0.861818
ACGGG 0.000000 0.963235 0.000000 0.963235 0.036765
CTCGG 0.000000 0.521368 0.000000 0.521368 0.478632
CAATC 0.000000 0.630081 0.000000 0.630081 0.369919
AGGCG 0.000000 0.784946 0.000000 0.784946 0.215054
CTCCG 0.000000 0.355172 0.000000 0.355172 0.644828
ACGCG 0.000000 0.797897 0.000000 0.797897 0.202103
CCTTC 0.000000 0.662651 0.000000 0.662651 0.337349
TCCAG 0.000000 0.923445 0.000000 0.923445 0.076555
TGCAG 0.000000 0.566330 0.000000 0.566330 0.433670
GAGTT 0.000000 0.639415 0.000000 0.639415 0.360585
AGAAA 0.000000 0.971513 0.000000 0.971513 0.028487
ACAAA 0.000000 0.885498 0.000000 0.885498 0.114502
CCTTG 0.000000 0.174020 0.000000 0.174020 0.825980
AATAA 0.000000 0.852941 0.000000 0.852941 0.147059
AGAAC 0.000000 0.820122 0.000000 0.820122 0.179878
ACAAC 0.000000 0.933451 0.000000 0.933451 0.066549
AATAC 0.000000 0.709571 0.000000 0.709571 0.290429
GTCAT 0.000000 0.834810 0.000000 0.834810 0.165190
AGAAG 0.000000 0.842383 0.000000 0.842383 0.157617
ACAAG 0.000000 0.659109 0.000000 0.659109 0.340891
AATAG 0.000000 0.336066 0.000000 0.336066 0.663934
AGGGT 0.000000 0.250633 0.000000 0.250633 0.749367
CTCGT 0.000000 0.887893 0.000000 0.887893 0.112107
ACGCT 0.000000 0.395717 0.000000 0.395717 0.604283
AGGCT 0.000000 0.400000 0.000000 0.400000 0.600000
CTCCT 0.000000 0.527397 0.000000 0.527397 0.472603
TCCAT 0.000000 0.905325 0.000000 0.905325 0.094675
TGCAT 0.000000 0.815302 0.000000 0.815302 0.184698
TAGTA 0.000000 0.843158 0.000000 0.843158 0.156842
CAATT 0.000000 0.930990 0.000000 0.930990 0.069010
TAGTC 0.000000 0.776918 0.000000 0.776918 0.223082
CCTTT 0.000000 0.445378 0.000000 0.445378 0.554622
TTTAA 0.000000 0.984127 0.000000 0.984127 0.015873
TTTAC 0.000000 0.632911 0.000000 0.632911 0.367089
TAGTG 0.000000 0.873195 0.000000 0.873195 0.126805
AGAAT 0.000000 0.465517 0.000000 0.465517 0.534483
ACAAT 0.000000 0.816027 0.000000 0.816027 0.183973
AATAT 0.000000 0.850575 0.000000 0.850575 0.149425
TTTAG 0.000000 0.695652 0.000000 0.695652 0.304348
TAGTT 0.000000 0.927660 0.000000 0.927660 0.072340
TTTAT 0.000000 0.928090 0.000000 0.928090 0.071910
GGGTC 0.000000 0.837696 0.000000 0.837696 0.162304
GGGTG 0.000000 0.710526 0.000000 0.710526 0.289474
ATCTA 0.000000 0.769276 0.000000 0.769276 0.230724
ATCTC 0.000000 0.818574 0.000000 0.818574 0.181426
CGATA 0.000000 0.882453 0.000000 0.882453 0.117547
CATTA 0.000000 0.766734 0.000000 0.766734 0.233266
ATCTG 0.000000 0.765058 0.000000 0.765058 0.234942
CGATC 0.000000 0.745391 0.000000 0.745391 0.254609
CATTC 0.000000 0.710427 0.000000 0.710427 0.289573
CGATG 0.000000 0.863350 0.000000 0.863350 0.136650
AGTAA 0.000000 0.529412 0.000000 0.529412 0.470588
ACTAA 0.000000 0.877232 0.000000 0.877232 0.122768
AGTAC 0.000000 0.666509 0.000000 0.666509 0.333491
ACTAC 0.000000 0.654063 0.000000 0.654063 0.345937
GTGTA 0.000000 0.277790 0.000000 0.277790 0.722210
AGTAG 0.000000 0.675411 0.000000 0.675411 0.324589
ACTAG 0.000000 0.410653 0.000000 0.410653 0.589347
GTGTC 0.000000 0.619941 0.000000 0.619941 0.380059
TGGTA 0.000000 0.857143 0.000000 0.857143 0.142857
TCGTA 0.000000 0.731255 0.000000 0.731255 0.268745
CGATT 0.000000 0.900000 0.000000 0.900000 0.100000
GTGTG 0.000000 0.793701 0.000000 0.793701 0.206299
TGGTC 0.000000 0.382353 0.000000 0.382353 0.617647
CATTT 0.000000 0.968170 0.000000 0.968170 0.031830
TCGTC 0.000000 0.897280 0.000000 0.897280 0.102720
TCGTG 0.000000 0.693061 0.000000 0.693061 0.306939
CTATA 0.000000 0.864943 0.000000 0.864943 0.135057
AGTAT 0.000000 0.691477 0.000000 0.691477 0.308523
ACTAT 0.000000 0.683897 0.000000 0.683897 0.316103
CTATC 0.000000 0.733710 0.000000 0.733710 0.266290
GTGTT 0.000000 0.790210 0.000000 0.790210 0.209790
CTATG 0.000000 0.234375 0.000000 0.234375 0.765625
TCGTT 0.000000 0.828571 0.000000 0.828571 0.171429
CTATT 0.000000 0.842857 0.000000 0.842857 0.157143
CGTTC 0.000000 0.431416 0.000000 0.431416 0.568584
CCCTA 0.000000 0.388889 0.000000 0.388889 0.611111
CCCTC 0.000000 0.816438 0.000000 0.816438 0.183562
CCCTG 0.000000 0.178571 0.000000 0.178571 0.821429
AACAA 0.000000 0.963091 0.000000 0.963091 0.036909
AACAC 0.000000 0.824390 0.000000 0.824390 0.175610
AACAG 0.000000 0.599269 0.000000 0.599269 0.400731
CGTTT 0.000000 0.923858 0.000000 0.923858 0.076142
ATGGA 0.000000 0.487190 0.000000 0.487190 0.512810
ATGCA 0.000000 0.748816 0.000000 0.748816 0.251184
CCCTT 0.000000 0.210198 0.000000 0.210198 0.789802
TTCAA 0.000000 0.905824 0.000000 0.905824 0.094176
ATGCC 0.000000 0.781030 0.000000 0.781030 0.218970
TTCAC 0.000000 0.389493 0.000000 0.389493 0.610507
CTTTA 0.000000 0.565534 0.000000 0.565534 0.434466
CTTTC 0.000000 0.494163 0.000000 0.494163 0.505837
ATGCG 0.000000 0.812814 0.000000 0.812814 0.187186
AACAT 0.000000 0.755624 0.000000 0.755624 0.244376
TTCAG 0.000000 0.750696 0.000000 0.750696 0.249304
ATAAA 0.000000 0.830189 0.000000 0.830189 0.169811
CTTTG 0.000000 0.193313 0.000000 0.193313 0.806687
ATAAG 0.000000 0.368011 0.000000 0.368011 0.631989
ATGCT 0.000000 0.572917 0.000000 0.572917 0.427083
TTCAT 0.000000 0.748345 0.000000 0.748345 0.251655
CTTTT 0.000000 0.744186 0.000000 0.744186 0.255814
ATAAT 0.000000 0.864048 0.000000 0.864048 0.135952
CACTA 0.000000 0.727342 0.000000 0.727342 0.272658
CACTC 0.000000 0.521707 0.000000 0.521707 0.478293
CACTG 0.000000 0.540503 0.000000 0.540503 0.459497
ACCAA 0.000000 0.962500 0.000000 0.962500 0.037500
AGCAA 0.000000 0.957219 0.000000 0.957219 0.042781
AGCAC 0.000000 0.737138 0.000000 0.737138 0.262862
ACCAC 0.000000 0.750000 0.000000 0.750000 0.250000
AGCAG 0.000000 0.676053 0.000000 0.676053 0.323947
ACCAG 0.000000 0.625628 0.000000 0.625628 0.374372
CACTT 0.000000 0.593220 0.000000 0.593220 0.406780
GCGAA 0.000000 0.846950 0.000000 0.846950 0.153050
AGCAT 0.000000 0.784130 0.000000 0.784130 0.215870
ACCAT 0.000000 0.753043 0.000000 0.753043 0.246957
AAGTA 0.000000 0.936709 0.000000 0.936709 0.063291
GCGAC 0.000000 0.918838 0.000000 0.918838 0.081162
CCGGA 0.000000 0.081633 0.000000 0.081633 0.918367
AAGTC 0.000000 0.838710 0.000000 0.838710 0.161290
ATTAA 0.000000 0.899390 0.000000 0.899390 0.100610
GCGAG 0.000000 0.280788 0.000000 0.280788 0.719212
ATTAC 0.000000 0.886364 0.000000 0.886364 0.113636
AAGTG 0.000000 0.526786 0.000000 0.526786 0.473214
GCAGA 0.000000 0.561758 0.000000 0.561758 0.438242
CCGGG 0.000000 0.954220 0.000000 0.954220 0.045780
GCACA 0.000000 0.935075 0.000000 0.935075 0.064925
CCGCG 0.000000 0.638710 0.000000 0.638710 0.361290
GCAGC 0.000000 0.873922 0.000000 0.873922 0.126078
ATTAG 0.000000 0.718884 0.000000 0.718884 0.281116
GCACC 0.000000 0.912485 0.000000 0.912485 0.087515
GCAGG 0.000000 0.916667 0.000000 0.916667 0.083333
GCACG 0.000000 0.338319 0.000000 0.338319 0.661681
TTGTA 0.000000 0.333333 0.000000 0.333333 0.666667
CCAAC 0.000000 0.721846 0.000000 0.721846 0.278154
TTGTC 0.000000 0.671053 0.000000 0.671053 0.328947
GCGAT 0.000000 0.765670 0.000000 0.765670 0.234330
CCAAG 0.000000 0.518219 0.000000 0.518219 0.481781
AAGTT 0.000000 0.925714 0.000000 0.925714 0.074286
TTGTG 0.000000 0.151961 0.000000 0.151961 0.848039
CCGGT 0.000000 0.606707 0.000000 0.606707 0.393293
CCGCT 0.000000 0.506410 0.000000 0.506410 0.493590
GCAGT 0.000000 0.532619 0.000000 0.532619 0.467381
GCACT 0.000000 0.750288 0.000000 0.750288 0.249712
CGCTA 0.000000 0.626822 0.000000 0.626822 0.373178
CGCTC 0.000000 0.750702 0.000000 0.750702 0.249298
CCAAT 0.000000 0.758065 0.000000 0.758065 0.241935
TTGTT 0.000000 0.892377 0.000000 0.892377 0.107623
CGCTG 0.000000 0.773410 0.000000 0.773410 0.226590
CGCTT 0.000000 0.928726 0.000000 0.928726 0.071274
GAGAC 0.000000 0.418630 0.000000 0.418630 0.581370
ACGTA 0.000000 0.590772 0.000000 0.590772 0.409228
CTCTA 0.000000 0.345095 0.000000 0.345095 0.654905
CAGGA 0.000000 0.260170 0.000000 0.260170 0.739830
CAGCA 0.000000 0.855424 0.000000 0.855424 0.144576
AGGTC 0.000000 0.924242 0.000000 0.924242 0.075758
CTCTC 0.000000 0.906166 0.000000 0.906166 0.093834
ACGTC 0.000000 0.690076 0.000000 0.690076 0.309924
CAGGC 0.000000 0.392421 0.000000 0.392421 0.607579
GAGAG 0.000000 0.780303 0.000000 0.780303 0.219697
AGGTG 0.000000 0.959184 0.000000 0.959184 0.040816
ACGTG 0.000000 0.772975 0.000000 0.772975 0.227025
CTCTG 0.000000 0.422330 0.000000 0.422330 0.577670
GAACA 0.000000 0.821862 0.000000 0.821862 0.178138
CAGGG 0.000000 0.937500 0.000000 0.937500 0.062500
GCTGA 0.000000 0.620690 0.000000 0.620690 0.379310
CAGCG 0.000000 0.747653 0.000000 0.747653 0.252347
GAAGC 0.000000 0.847926 0.000000 0.847926 0.152074
GCTCA 0.000000 0.530997 0.000000 0.530997 0.469003
GAACC 0.000000 0.922297 0.000000 0.922297 0.077703
GCTGC 0.000000 0.824111 0.000000 0.824111 0.175889
GAAGG 0.000000 0.690608 0.000000 0.690608 0.309392
CAAAA 0.000000 1.000000 0.000000 1.000000 0.000000
CCTAA 0.000000 0.500000 0.000000 0.500000 0.500000
GAACG 0.000000 0.708772 0.000000 0.708772 0.291228
GCTGG 0.000000 0.955090 0.000000 0.955090 0.044910
CAAAC 0.000000 0.325829 0.000000 0.325829 0.674171
GCTCG 0.000000 0.656719 0.000000 0.656719 0.343281
CCTAC 0.000000 0.609756 0.000000 0.609756 0.390244
GAGAT 0.000000 0.242122 0.000000 0.242122 0.757878
CAAAG 0.000000 0.407895 0.000000 0.407895 0.592105
ACGTT 0.000000 0.852941 0.000000 0.852941 0.147059
AGGTT 0.000000 0.860000 0.000000 0.860000 0.140000
CTCTT 0.000000 0.796102 0.000000 0.796102 0.203898
CCTAG 0.000000 0.571918 0.000000 0.571918 0.428082
CAGGT 0.000000 0.510155 0.000000 0.510155 0.489845
CAGCT 0.000000 0.570495 0.000000 0.570495 0.429505
GAAGT 0.000000 0.835833 0.000000 0.835833 0.164167
GAACT 0.000000 0.719925 0.000000 0.719925 0.280075
GCTGT 0.000000 0.747396 0.000000 0.747396 0.252604
GCTCT 0.000000 0.516949 0.000000 0.516949 0.483051
TAGAA 0.000000 0.893819 0.000000 0.893819 0.106181
CCTAT 0.000000 0.879032 0.000000 0.879032 0.120968
TAGAC 0.000000 0.517411 0.000000 0.517411 0.482589
TAGAG 0.000000 0.511339 0.000000 0.511339 0.488661
TAAGA 0.000000 0.596995 0.000000 0.596995 0.403005
TAACA 0.000000 0.936478 0.000000 0.936478 0.063522
TAACC 0.000000 0.929245 0.000000 0.929245 0.070755
TAAGG 0.000000 0.812658 0.000000 0.812658 0.187342
TAACG 0.000000 0.695238 0.000000 0.695238 0.304762
TAGAT 0.000000 0.593615 0.000000 0.593615 0.406385
GGGAC 0.000000 0.631336 0.000000 0.631336 0.368664
CGGGA 0.000000 0.157507 0.000000 0.157507 0.842493
TAAGT 0.000000 0.474490 0.000000 0.474490 0.525510
CGGGC 0.000000 0.198444 0.000000 0.198444 0.801556
TAACT 0.000000 0.874396 0.000000 0.874396 0.125604
ATCAA 0.000000 0.952381 0.000000 0.952381 0.047619
CGGGG 0.000000 0.959184 0.000000 0.959184 0.040816
GGACA 0.000000 0.860114 0.000000 0.860114 0.139886
GATGA 0.000000 0.603594 0.000000 0.603594 0.396406
GATCA 0.000000 0.882483 0.000000 0.882483 0.117517
ATCAC 0.000000 0.627087 0.000000 0.627087 0.372913
GATGC 0.000000 0.529851 0.000000 0.529851 0.470149
GGACC 0.000000 0.845704 0.000000 0.845704 0.154296
CGAAA 0.000000 0.748000 0.000000 0.748000 0.252000
GATGG 0.000000 0.946629 0.000000 0.946629 0.053371
GGACG 0.000000 0.891892 0.000000 0.891892 0.108108
CATAA 0.000000 0.871739 0.000000 0.871739 0.128261
ATCAG 0.000000 0.478074 0.000000 0.478074 0.521926
CGAAC 0.000000 0.756930 0.000000 0.756930 0.243070
GATCG 0.000000 0.818765 0.000000 0.818765 0.181235
CATAC 0.000000 0.639950 0.000000 0.639950 0.360050
GGGAT 0.000000 0.914692 0.000000 0.914692 0.085308
CGAAG 0.000000 0.824074 0.000000 0.824074 0.175926
CATAG 0.000000 0.443459 0.000000 0.443459 0.556541
CGGGT 0.000000 0.361244 0.000000 0.361244 0.638756
GTGAA 0.000000 0.849206 0.000000 0.849206 0.150794
GGAGT 0.000000 0.855963 0.000000 0.855963 0.144037
GGACT 0.000000 0.353896 0.000000 0.353896 0.646104
GATGT 0.000000 0.671461 0.000000 0.671461 0.328539
ATCAT 0.000000 0.783699 0.000000 0.783699 0.216301
GTGAC 0.000000 0.687972 0.000000 0.687972 0.312028
GATCT 0.000000 0.446406 0.000000 0.446406 0.553594
CTGGA 0.000000 0.195090 0.000000 0.195090 0.804910
CTGCA 0.000000 0.778043 0.000000 0.778043 0.221957
TCGAA 0.000000 0.898297 0.000000 0.898297 0.101703
TGGAA 0.000000 0.914439 0.000000 0.914439 0.085561
CTGGC 0.000000 0.688213 0.000000 0.688213 0.311787
CGAAT 0.000000 0.573846 0.000000 0.573846 0.426154
GTGAG 0.000000 0.568299 0.000000 0.568299 0.431701
CATAT 0.000000 0.820793 0.000000 0.820793 0.179207
TGGAC 0.000000 0.867512 0.000000 0.867512 0.132488
TCGAC 0.000000 0.894309 0.000000 0.894309 0.105691
GTAGA 0.000000 0.712432 0.000000 0.712432 0.287568
GTACA 0.000000 0.770619 0.000000 0.770619 0.229381
CTGGG 0.000000 0.922481 0.000000 0.922481 0.077519
GTAGC 0.000000 0.675665 0.000000 0.675665 0.324335
CTGCG 0.000000 0.801815 0.000000 0.801815 0.198185
GTACC 0.000000 0.729730 0.000000 0.729730 0.270270
TCGAG 0.000000 0.525806 0.000000 0.525806 0.474194
TGGAG 0.000000 0.251142 0.000000 0.251142 0.748858
TGAGA 0.000000 0.421766 0.000000 0.421766 0.578234
TCAGA 0.000000 0.723399 0.000000 0.723399 0.276601
CTAAA 0.000000 0.545455 0.000000 0.545455 0.454545
TATGA 0.000000 0.654255 0.000000 0.654255 0.345745
GTAGG 0.000000 0.439891 0.000000 0.439891 0.560109
TGACA 0.000000 0.867299 0.000000 0.867299 0.132701
TCACA 0.000000 0.880789 0.000000 0.880789 0.119211
TCAGC 0.000000 0.830381 0.000000 0.830381 0.169619
TGAGC 0.000000 0.661439 0.000000 0.661439 0.338561
TATCA 0.000000 0.779770 0.000000 0.779770 0.220230
GTACG 0.000000 0.562576 0.000000 0.562576 0.437424
CTAAC 0.000000 0.903614 0.000000 0.903614 0.096386
TATGC 0.000000 0.741007 0.000000 0.741007 0.258993
TGACC 0.000000 0.511111 0.000000 0.511111 0.488889
TATCC 0.000000 0.857143 0.000000 0.857143 0.142857
TCAGG 0.000000 0.621483 0.000000 0.621483 0.378517
GTGAT 0.000000 0.886126 0.000000 0.886126 0.113874
TGACG 0.000000 0.712766 0.000000 0.712766 0.287234
TATGG 0.000000 0.890625 0.000000 0.890625 0.109375
CTAAG 0.000000 0.454451 0.000000 0.454451 0.545549
TCACG 0.000000 0.357268 0.000000 0.357268 0.642732
TATCG 0.000000 0.666667 0.000000 0.666667 0.333333
CTGGT 0.000000 0.856322 0.000000 0.856322 0.143678
CTGCT 0.000000 0.688562 0.000000 0.688562 0.311438
TGGAT 0.000000 0.600000 0.000000 0.600000 0.400000
TCGAT 0.000000 0.641703 0.000000 0.641703 0.358297
GTAGT 0.000000 0.851579 0.000000 0.851579 0.148421
GTACT 0.000000 0.533557 0.000000 0.533557 0.466443
TCAGT 0.000000 0.585882 0.000000 0.585882 0.414118
TGAGT 0.000000 0.588899 0.000000 0.588899 0.411101
TATGT 0.000000 0.887110 0.000000 0.887110 0.112890
TGACT 0.000000 0.644870 0.000000 0.644870 0.355130
TCACT 0.000000 0.532796 0.000000 0.532796 0.467204
TATCT 0.000000 0.764036 0.000000 0.764036 0.235964
GGTGA 0.000000 0.185185 0.000000 0.185185 0.814815
GGTGC 0.000000 0.902655 0.000000 0.902655 0.097345
GGTCC 0.000000 0.832831 0.000000 0.832831 0.167169
GCCGA 0.000000 0.526203 0.000000 0.526203 0.473797
GCCCA 0.000000 0.541850 0.000000 0.541850 0.458150
CGTAA 0.000000 0.847716 0.000000 0.847716 0.152284
GGTGG 0.000000 0.926829 0.000000 0.926829 0.073171
GGTCG 0.000000 0.948980 0.000000 0.948980 0.051020
CGTAC 0.000000 0.493724 0.000000 0.493724 0.506276
CCCAA 0.000000 0.831197 0.000000 0.831197 0.168803
GCCCG 0.000000 0.354286 0.000000 0.354286 0.645714
CGTAG 0.000000 0.546857 0.000000 0.546857 0.453143
CCCAC 0.000000 0.919492 0.000000 0.919492 0.080508
GGTGT 0.000000 0.319672 0.000000 0.319672 0.680328
GGTCT 0.000000 0.535714 0.000000 0.535714 0.464286
ATGTA 0.000000 0.785731 0.000000 0.785731 0.214269
ATGTC 0.000000 0.689071 0.000000 0.689071 0.310929
GCCGT 0.000000 0.742424 0.000000 0.742424 0.257576
GCCCT 0.000000 0.157850 0.000000 0.157850 0.842150
CGTAT 0.000000 0.884946 0.000000 0.884946 0.115054
ATGTG 0.000000 0.875334 0.000000 0.875334 0.124666
GTTCA 0.000000 0.706250 0.000000 0.706250 0.293750
GTTGC 0.000000 0.820961 0.000000 0.820961 0.179039
GTTCC 0.000000 0.800824 0.000000 0.800824 0.199176
TCTGA 0.000000 0.482784 0.000000 0.482784 0.517216
TGTGA 0.000000 0.210986 0.000000 0.210986 0.789014
GTTGG 0.000000 0.895833 0.000000 0.895833 0.104167
TGTCA 0.000000 0.919216 0.000000 0.919216 0.080784
TCTCA 0.000000 0.463103 0.000000 0.463103 0.536897
GTTCG 0.000000 0.544964 0.000000 0.544964 0.455036
TCTGC 0.000000 0.811743 0.000000 0.811743 0.188257
TGTGC 0.000000 0.327495 0.000000 0.327495 0.672505
TCTCC 0.000000 0.890909 0.000000 0.890909 0.109091
CTTAC 0.000000 0.530303 0.000000 0.530303 0.469697
TGTCC 0.000000 0.772436 0.000000 0.772436 0.227564
TCTGG 0.000000 0.945652 0.000000 0.945652 0.054348
TGTGG 0.000000 0.399160 0.000000 0.399160 0.600840
TGTCG 0.000000 0.741054 0.000000 0.741054 0.258946
TCTCG 0.000000 0.493545 0.000000 0.493545 0.506455
CTTAG 0.000000 0.766412 0.000000 0.766412 0.233588
GTTCT 0.000000 0.850000 0.000000 0.850000 0.150000
TCTGT 0.000000 0.727896 0.000000 0.727896 0.272104
TGTGT 0.000000 0.944746 0.000000 0.944746 0.055254
TCTCT 0.000000 0.591718 0.000000 0.591718 0.408282
TGTCT 0.000000 0.697126 0.000000 0.697126 0.302874
GACGA 0.000000 0.746749 0.000000 0.746749 0.253251
GACCA 0.000000 0.458791 0.000000 0.458791 0.541209
GACGC 0.000000 0.727003 0.000000 0.727003 0.272997
GACCC 0.000000 0.813953 0.000000 0.813953 0.186047
CACAA 0.000000 0.933333 0.000000 0.933333 0.066667
GACGG 0.000000 0.658730 0.000000 0.658730 0.341270
GACCG 0.000000 0.478428 0.000000 0.478428 0.521572
CACAC 0.000000 0.890426 0.000000 0.890426 0.109574
CACAG 0.000000 0.353527 0.000000 0.353527 0.646473
GACGT 0.000000 0.632141 0.000000 0.632141 0.367859
GACCT 0.000000 0.445360 0.000000 0.445360 0.554640
CACAT 0.000000 0.214356 0.000000 0.214356 0.785644
CCGTA 0.000000 0.470949 0.000000 0.470949 0.529051
CCGTC 0.000000 0.896000 0.000000 0.896000 0.104000
GCATA 0.000000 0.858896 0.000000 0.858896 0.141104
CCGTG 0.000000 0.805846 0.000000 0.805846 0.194154
TACGA 0.000000 0.777503 0.000000 0.777503 0.222497
AAGAA 0.000000 0.852459 0.000000 0.852459 0.147541
TACCA 0.000000 0.471481 0.000000 0.471481 0.528519
GCATC 0.000000 0.425000 0.000000 0.425000 0.575000
TACGC 0.000000 0.826425 0.000000 0.826425 0.173575
AAGAC 0.000000 0.697795 0.000000 0.697795 0.302205
GCATG 0.000000 0.654705 0.000000 0.654705 0.345295
TACGG 0.000000 0.493827 0.000000 0.493827 0.506173
TACCG 0.000000 0.673899 0.000000 0.673899 0.326101
AAACA 0.000000 0.922453 0.000000 0.922453 0.077547
AAAGC 0.000000 0.828125 0.000000 0.828125 0.171875
AAACC 0.000000 0.819277 0.000000 0.819277 0.180723
CCGTT 0.000000 0.551724 0.000000 0.551724 0.448276
AAACG 0.000000 0.667920 0.000000 0.667920 0.332080
TTGAC 0.000000 0.821839 0.000000 0.821839 0.178161
GCATT 0.000000 0.943089 0.000000 0.943089 0.056911
TACGT 0.000000 0.569959 0.000000 0.569959 0.430041
AAGAT 0.000000 0.564103 0.000000 0.564103 0.435897
TACCT 0.000000 0.494541 0.000000 0.494541 0.505459
TTAGA 0.000000 0.881818 0.000000 0.881818 0.118182
GGCGA 0.000000 0.549254 0.000000 0.549254 0.450746
TTACA 0.000000 0.930728 0.000000 0.930728 0.069272
GGCCA 0.000000 0.756757 0.000000 0.756757 0.243243
GGCGC 0.000000 0.846702 0.000000 0.846702 0.153298
TTAGC 0.000000 0.848259 0.000000 0.848259 0.151741
TTACC 0.000000 0.687500 0.000000 0.687500 0.312500
GGCGG 0.000000 0.551020 0.000000 0.551020 0.448980
AAAGT 0.000000 0.859155 0.000000 0.859155 0.140845
CGCAA 0.000000 0.895062 0.000000 0.895062 0.104938
TTAGG 0.000000 0.845783 0.000000 0.845783 0.154217
GGCCG 0.000000 0.345109 0.000000 0.345109 0.654891
CGCAC 0.000000 0.788364 0.000000 0.788364 0.211636
CGCAG 0.000000 0.561081 0.000000 0.561081 0.438919
TTAGT 0.000000 0.891304 0.000000 0.891304 0.108696
GGCGT 0.000000 0.604839 0.000000 0.604839 0.395161
GGCCT 0.000000 0.533454 0.000000 0.533454 0.466546
TTACT 0.000000 0.639175 0.000000 0.639175 0.360825
CGCAT 0.000000 0.794766 0.000000 0.794766 0.205234
CAGTA 0.000000 0.826628 0.000000 0.826628 0.173372
GTCGA 0.000000 0.652658 0.000000 0.652658 0.347342
GTCCA 0.000000 0.561404 0.000000 0.561404 0.438596
CAGTC 0.000000 0.724096 0.000000 0.724096 0.275904
GTCGC 0.000000 0.846598 0.000000 0.846598 0.153402
GTCCC 0.000000 0.614634 0.000000 0.614634 0.385366
GAATA 0.000000 0.743494 0.000000 0.743494 0.256506
TCCGA 0.000000 0.625000 0.000000 0.625000 0.375000
TGCGA 0.000000 0.332210 0.000000 0.332210 0.667790
CAGTG 0.000000 0.653162 0.000000 0.653162 0.346838
GCTTA 0.000000 0.836893 0.000000 0.836893 0.163107
AGGAA 0.000000 0.842105 0.000000 0.842105 0.157895
ACGAA 0.000000 0.859780 0.000000 0.859780 0.140220
GAATC 0.000000 0.858586 0.000000 0.858586 0.141414
CTCAA 0.000000 0.877662 0.000000 0.877662 0.122338
TGCCA 0.000000 0.467626 0.000000 0.467626 0.532374
TCCCA 0.000000 0.131206 0.000000 0.131206 0.868794
TCCGC 0.000000 0.776316 0.000000 0.776316 0.223684
GCTTC 0.000000 0.599448 0.000000 0.599448 0.400552
TGCGC 0.000000 0.876989 0.000000 0.876989 0.123011
AGGAC 0.000000 0.781955 0.000000 0.781955 0.218045
CTCAC 0.000000 0.523047 0.000000 0.523047 0.476953
ACGAC 0.000000 0.857832 0.000000 0.857832 0.142168
TCCCC 0.000000 0.720126 0.000000 0.720126 0.279874
TGCCC 0.000000 0.899103 0.000000 0.899103 0.100897
GAATG 0.000000 0.455635 0.000000 0.455635 0.544365
TCCGG 0.000000 0.333333 0.000000 0.333333 0.666667
TGCGG 0.000000 0.465000 0.000000 0.465000 0.535000
GCTTG 0.000000 0.802708 0.000000 0.802708 0.197292
TGCCG 0.000000 0.475207 0.000000 0.475207 0.524793
CTCAG 0.000000 0.477395 0.000000 0.477395 0.522605
ACGAG 0.000000 0.760276 0.000000 0.760276 0.239724
AGAGA 0.000000 0.750732 0.000000 0.750732 0.249268
ACAGA 0.000000 0.826910 0.000000 0.826910 0.173090
ACACA 0.000000 0.951870 0.000000 0.951870 0.048130
AATGA 0.000000 0.848970 0.000000 0.848970 0.151030
AGACA 0.000000 0.902003 0.000000 0.902003 0.097997
ACAGC 0.000000 0.897267 0.000000 0.897267 0.102733
AGAGC 0.000000 0.272703 0.000000 0.272703 0.727297
AATCA 0.000000 0.837758 0.000000 0.837758 0.162242
ACACC 0.000000 0.885246 0.000000 0.885246 0.114754
AATGC 0.000000 0.572727 0.000000 0.572727 0.427273
AGACC 0.000000 0.847222 0.000000 0.847222 0.152778
AATCC 0.000000 0.566901 0.000000 0.566901 0.433099
CAGTT 0.000000 0.644444 0.000000 0.644444 0.355556
GTCGT 0.000000 0.934029 0.000000 0.934029 0.065971
AGAGG 0.000000 0.840708 0.000000 0.840708 0.159292
GTCCT 0.000000 0.373494 0.000000 0.373494 0.626506
ACAGG 0.000000 0.680297 0.000000 0.680297 0.319703
AATGG 0.000000 0.454545 0.000000 0.454545 0.545455
ACACG 0.000000 0.176208 0.000000 0.176208 0.823792
AGACG 0.000000 0.698347 0.000000 0.698347 0.301653
TCCGT 0.000000 0.851307 0.000000 0.851307 0.148693
GCTTT 0.000000 0.984076 0.000000 0.984076 0.015924
TGCGT 0.000000 0.451087 0.000000 0.451087 0.548913
AGGAT 0.000000 0.613290 0.000000 0.613290 0.386710
CTCAT 0.000000 0.855760 0.000000 0.855760 0.144240
ACGAT 0.000000 0.700565 0.000000 0.700565 0.299435
TGCCT 0.000000 0.412679 0.000000 0.412679 0.587321
TTTGA 0.000000 0.865854 0.000000 0.865854 0.134146
TTTCA 0.000000 0.914062 0.000000 0.914062 0.085938
TTTGC 0.000000 0.783550 0.000000 0.783550 0.216450
TTTCC 0.000000 0.661017 0.000000 0.661017 0.338983
AGAGT 0.000000 0.306846 0.000000 0.306846 0.693154
ACAGT 0.000000 0.653871 0.000000 0.653871 0.346129
AGACT 0.000000 0.588675 0.000000 0.588675 0.411325
ACACT 0.000000 0.395504 0.000000 0.395504 0.604496
AATGT 0.000000 0.413105 0.000000 0.413105 0.586895
TAATG 0.000000 0.688645 0.000000 0.688645 0.311355
TTTGT 0.000000 0.900000 0.000000 0.900000 0.100000
CGGTA 0.000000 0.194444 0.000000 0.194444 0.805556
CGGTC 0.000000 0.927835 0.000000 0.927835 0.072165
GGATA 0.000000 0.788546 0.000000 0.788546 0.211454
CGGTG 0.000000 0.829114 0.000000 0.829114 0.170886
GGATC 0.000000 0.766344 0.000000 0.766344 0.233656
GATTC 0.000000 0.659810 0.000000 0.659810 0.340190
GGATG 0.000000 0.700000 0.000000 0.700000 0.300000
ACTGA 0.000000 0.650000 0.000000 0.650000 0.350000
AGTGA 0.000000 0.425366 0.000000 0.425366 0.574634
ACTCA 0.000000 0.758929 0.000000 0.758929 0.241071
AGTCA 0.000000 0.809902 0.000000 0.809902 0.190098
ACTGC 0.000000 0.411017 0.000000 0.411017 0.588983
AGTGC 0.000000 0.871722 0.000000 0.871722 0.128278
CGGTT 0.000000 0.793103 0.000000 0.793103 0.206897
ACTCC 0.000000 0.676573 0.000000 0.676573 0.323427
AGTCC 0.000000 0.411765 0.000000 0.411765 0.588235
AGTGG 0.000000 0.637255 0.000000 0.637255 0.362745
ACTGG 0.000000 0.922442 0.000000 0.922442 0.077558
AGTCG 0.000000 0.621450 0.000000 0.621450 0.378550
ACTCG 0.000000 0.298473 0.000000 0.298473 0.701527
GATTT 0.000000 0.968750 0.000000 0.968750 0.031250
CTGTA 0.000000 0.641260 0.000000 0.641260 0.358740
CTGTC 0.000000 0.800079 0.000000 0.800079 0.199921
GTATA 0.000000 0.775919 0.000000 0.775919 0.224081
CTGTG 0.000000 0.653638 0.000000 0.653638 0.346362
GTATC 0.000000 0.751599 0.000000 0.751599 0.248401
ACTGT 0.000000 0.746006 0.000000 0.746006 0.253994
AGTGT 0.000000 0.920026 0.000000 0.920026 0.079974
AGTCT 0.000000 0.542422 0.000000 0.542422 0.457578
ACTCT 0.000000 0.610850 0.000000 0.610850 0.389150
TCATA 0.000000 0.769587 0.000000 0.769587 0.230413
TGATA 0.000000 0.709677 0.000000 0.709677 0.290323
TATTA 0.000000 0.673684 0.000000 0.673684 0.326316
GTATG 0.000000 0.421208 0.000000 0.421208 0.578792
TGATC 0.000000 0.569351 0.000000 0.569351 0.430649
TCATC 0.000000 0.893067 0.000000 0.893067 0.106933
TGATG 0.000000 0.895145 0.000000 0.895145 0.104855
TCATG 0.000000 0.816059 0.000000 0.816059 0.183941
CTGTT 0.000000 0.902941 0.000000 0.902941 0.097059
GTATT 0.000000 0.761905 0.000000 0.761905 0.238095
TGATT 0.000000 0.500000 0.000000 0.500000 0.500000
TCATT 0.000000 0.932551 0.000000 0.932551 0.067449
TATTT 0.000000 0.923529 0.000000 0.923529 0.076471
GGTTA 0.000000 0.873950 0.000000 0.873950 0.126050
GGTTC 0.000000 0.658663 0.000000 0.658663 0.341337
GCCTA 0.000000 0.712230 0.000000 0.712230 0.287770
GCCTC 0.000000 0.576200 0.000000 0.576200 0.423800
GCCTG 0.000000 0.504202 0.000000 0.504202 0.495798
AACGA 0.000000 0.616228 0.000000 0.616228 0.383772
AACCA 0.000000 0.726601 0.000000 0.726601 0.273399
AACGC 0.000000 0.840249 0.000000 0.840249 0.159751
AACCC 0.000000 0.980100 0.000000 0.980100 0.019900
AACGG 0.000000 0.751190 0.000000 0.751190 0.248810
AACCG 0.000000 0.379859 0.000000 0.379859 0.620141
GCCTT 0.000000 0.534884 0.000000 0.534884 0.465116
TTCGA 0.000000 0.739224 0.000000 0.739224 0.260776
GTTTA 0.000000 0.586667 0.000000 0.586667 0.413333
TTCCA 0.000000 0.590551 0.000000 0.590551 0.409449
ATGAA 0.000000 0.731848 0.000000 0.731848 0.268152
TTCGC 0.000000 0.636364 0.000000 0.636364 0.363636
ATGAC 0.000000 0.758065 0.000000 0.758065 0.241935
TTCCC 0.000000 0.861035 0.000000 0.861035 0.138965
TGTTA 0.000000 0.823009 0.000000 0.823009 0.176991
TTCGG 0.000000 0.754545 0.000000 0.754545 0.245455
AACGT 0.000000 0.630779 0.000000 0.630779 0.369221
AACCT 0.000000 0.485356 0.000000 0.485356 0.514644
TGTTC 0.000000 0.939453 0.000000 0.939453 0.060547
TCTTC 0.000000 0.732181 0.000000 0.732181 0.267819
ATGAG 0.000000 0.570412 0.000000 0.570412 0.429588
ATAGA 0.000000 0.593181 0.000000 0.593181 0.406819
ATACA 0.000000 0.874236 0.000000 0.874236 0.125764
ATAGC 0.000000 0.881579 0.000000 0.881579 0.118421
TGTTG 0.000000 0.729008 0.000000 0.729008 0.270992
TCTTG 0.000000 0.699176 0.000000 0.699176 0.300824
ATACC 0.000000 0.789361 0.000000 0.789361 0.210639
ATAGG 0.000000 0.658903 0.000000 0.658903 0.341097
ATACG 0.000000 0.416303 0.000000 0.416303 0.583697
TTCGT 0.000000 0.748603 0.000000 0.748603 0.251397
GTTTT 0.000000 0.948399 0.000000 0.948399 0.051601
TTCCT 0.000000 0.497382 0.000000 0.497382 0.502618
ATGAT 0.000000 0.876874 0.000000 0.876874 0.123126
TGTTT 0.000000 0.851852 0.000000 0.851852 0.148148
TCTTT 0.000000 0.794055 0.000000 0.794055 0.205945
ATAGT 0.000000 0.700236 0.000000 0.700236 0.299764
ATACT 0.000000 0.715247 0.000000 0.715247 0.284753
GACTA 0.000000 0.661641 0.000000 0.661641 0.338359
GACTC 0.000000 0.493797 0.000000 0.493797 0.506203
GACTG 0.000000 0.612903 0.000000 0.612903 0.387097
ACCGA 0.000000 0.416468 0.000000 0.416468 0.583532
AGCGA 0.000000 0.847057 0.000000 0.847057 0.152943
AGCCA 0.000000 0.667832 0.000000 0.667832 0.332168
ACCGC 0.000000 0.700000 0.000000 0.700000 0.300000
AGCGC 0.000000 0.900319 0.000000 0.900319 0.099681
ACCGG 0.000000 0.814130 0.000000 0.814130 0.185870
ACCCG 0.000000 0.073171 0.000000 0.073171 0.926829
GACTT 0.000000 0.862069 0.000000 0.862069 0.137931
GCGGA 0.000000 0.222222 0.000000 0.222222 0.777778
ACCGT 0.000000 0.749071 0.000000 0.749071 0.250929
GCGCA 0.000000 0.375831 0.000000 0.375831 0.624169
AGCGT 0.000000 0.614848 0.000000 0.614848 0.385152
AGCCT 0.000000 0.350725 0.000000 0.350725 0.649275
ACCCT 0.000000 0.363384 0.000000 0.363384 0.636616
GCGCC 0.000000 0.476449 0.000000 0.476449 0.523551
TACTA 0.000000 0.795164 0.000000 0.795164 0.204836
GCGGG 0.000000 0.666667 0.000000 0.666667 0.333333
CCGAA 0.000000 0.818681 0.000000 0.818681 0.181319
ATTCA 0.000000 0.851964 0.000000 0.851964 0.148036
TACTC 0.000000 0.287839 0.000000 0.287839 0.712161
GCGCG 0.000000 0.933811 0.000000 0.933811 0.066189
ATTCC 0.000000 0.877778 0.000000 0.877778 0.122222
CCGAC 0.000000 0.779821 0.000000 0.779821 0.220179
TACTG 0.000000 0.353075 0.000000 0.353075 0.646925
GCAAA 0.000000 0.857143 0.000000 0.857143 0.142857
ATTCG 0.000000 0.400273 0.000000 0.400273 0.599727
CCGAG 0.000000 0.306667 0.000000 0.306667 0.693333
GCAAC 0.000000 0.839806 0.000000 0.839806 0.160194
CCAGC 0.000000 0.889868 0.000000 0.889868 0.110132
GCAAG 0.000000 0.384030 0.000000 0.384030 0.615970
CCACC 0.000000 0.487500 0.000000 0.487500 0.512500
GCGGT 0.000000 0.403509 0.000000 0.403509 0.596491
AAATG 0.000000 0.878378 0.000000 0.878378 0.121622
CCAGG 0.000000 0.277778 0.000000 0.277778 0.722222
GCGCT 0.000000 0.488006 0.000000 0.488006 0.511994
CCACG 0.000000 0.138889 0.000000 0.138889 0.861111
TACTT 0.000000 0.724409 0.000000 0.724409 0.275591
CCGAT 0.000000 0.793103 0.000000 0.793103 0.206897
ATTCT 0.000000 0.811983 0.000000 0.811983 0.188017
TTATA 0.000000 0.881890 0.000000 0.881890 0.118110
GGCTA 0.000000 0.443299 0.000000 0.443299 0.556701
GGCTC 0.000000 0.500000 0.000000 0.500000 0.500000
TTATC 0.000000 0.689024 0.000000 0.689024 0.310976
GCAAT 0.000000 0.824859 0.000000 0.824859 0.175141
CCAGT 0.000000 0.791111 0.000000 0.791111 0.208889
CCACT 0.000000 0.800000 0.000000 0.800000 0.200000
GTCTA 0.000000 0.473480 0.000000 0.473480 0.526520
GAGCA 0.000000 0.664845 0.000000 0.664845 0.335155
GTCTC 0.000000 0.789537 0.000000 0.789537 0.210463
GAGCC 0.000000 0.689759 0.000000 0.689759 0.310241
TGCTA 0.000000 0.567872 0.000000 0.567872 0.432128
TCCTA 0.000000 0.588921 0.000000 0.588921 0.411079
GTCTG 0.000000 0.530807 0.000000 0.530807 0.469193
TCCTC 0.000000 0.924242 0.000000 0.924242 0.075758
CAGAA 0.000000 0.727186 0.000000 0.727186 0.272814
TGCTC 0.000000 0.409463 0.000000 0.409463 0.590537
GAGCG 0.000000 0.791597 0.000000 0.791597 0.208403
CAGAC 0.000000 0.802303 0.000000 0.802303 0.197697
TCCTG 0.000000 0.532020 0.000000 0.532020 0.467980
TGCTG 0.000000 0.781529 0.000000 0.781529 0.218471
GCTAA 0.000000 0.860759 0.000000 0.860759 0.139241
CAGAG 0.000000 0.179012 0.000000 0.179012 0.820988
GAAAC 0.000000 0.763118 0.000000 0.763118 0.236882
ACATA 0.000000 0.881139 0.000000 0.881139 0.118861
AGATA 0.000000 0.845485 0.000000 0.845485 0.154515
AATTA 0.000000 0.813187 0.000000 0.813187 0.186813
CAAGA 0.000000 0.771991 0.000000 0.771991 0.228009
GCTAC 0.000000 0.555844 0.000000 0.555844 0.444156
CAACA 0.000000 0.910088 0.000000 0.910088 0.089912
ACATC 0.000000 0.785268 0.000000 0.785268 0.214732
AGATC 0.000000 0.655805 0.000000 0.655805 0.344195
CCTCA 0.000000 0.459252 0.000000 0.459252 0.540748
AATTC 0.000000 0.701595 0.000000 0.701595 0.298405
CAAGC 0.000000 0.605469 0.000000 0.605469 0.394531
GAAAG 0.000000 0.768182 0.000000 0.768182 0.231818
CCTGC 0.000000 0.577670 0.000000 0.577670 0.422330
CAACC 0.000000 0.910359 0.000000 0.910359 0.089641
GCTAG 0.000000 0.346641 0.000000 0.346641 0.653359
GTCTT 0.000000 0.549801 0.000000 0.549801 0.450199
GAGGT 0.000000 0.583333 0.000000 0.583333 0.416667
ACATG 0.000000 0.639362 0.000000 0.639362 0.360638
AGATG 0.000000 0.767463 0.000000 0.767463 0.232537
CAAGG 0.000000 0.781869 0.000000 0.781869 0.218131
GAGCT 0.000000 0.350993 0.000000 0.350993 0.649007
CAACG 0.000000 0.698925 0.000000 0.698925 0.301075
CCTGG 0.000000 0.428571 0.000000 0.428571 0.571429
CCTCG 0.000000 0.527839 0.000000 0.527839 0.472161
TCCTT 0.000000 0.761092 0.000000 0.761092 0.238908
TGCTT 0.000000 0.802469 0.000000 0.802469 0.197531
CAGAT 0.000000 0.730347 0.000000 0.730347 0.269653
TTTTA 0.000000 0.543340 0.000000 0.543340 0.456660
TTTTC 0.000000 0.220662 0.000000 0.220662 0.779338
GCTAT 0.000000 0.784352 0.000000 0.784352 0.215648
AGATT 0.000000 0.881250 0.000000 0.881250 0.118750
ACATT 0.000000 0.904762 0.000000 0.904762 0.095238
TAGGA 0.000000 0.144777 0.000000 0.144777 0.855223
CAAGT 0.000000 0.715247 0.000000 0.715247 0.284753
TAGCA 0.000000 0.784906 0.000000 0.784906 0.215094
TTTTG 0.000000 0.165779 0.000000 0.165779 0.834221
CAACT 0.000000 0.859094 0.000000 0.859094 0.140906
TAGGC 0.000000 0.551929 0.000000 0.551929 0.448071
CCTGT 0.000000 0.746616 0.000000 0.746616 0.253384
CCTCT 0.000000 0.907216 0.000000 0.907216 0.092784
TAGGG 0.000000 0.958015 0.000000 0.958015 0.041985
TAGCG 0.000000 0.717506 0.000000 0.717506 0.282494
TAAAA 0.000000 0.678571 0.000000 0.678571 0.321429
TAAAC 0.000000 0.395210 0.000000 0.395210 0.604790
TTTTT 0.000000 0.988999 0.000000 0.988999 0.011001
TAGGT 0.000000 0.339623 0.000000 0.339623 0.660377
TAGCT 0.000000 0.498601 0.000000 0.498601 0.501399
GGGGA 0.000000 0.222698 0.000000 0.222698 0.777302
GGGCA 0.000000 0.761639 0.000000 0.761639 0.238361
GGGGC 0.000000 0.123867 0.000000 0.123867 0.876133
GGGCC 0.000000 0.791223 0.000000 0.791223 0.208777
GGGCG 0.000000 0.752381 0.000000 0.752381 0.247619
CGGAC 0.000000 0.895312 0.000000 0.895312 0.104688
ATCGA 0.000000 0.682015 0.000000 0.682015 0.317985
GGAAA 0.000000 0.966480 0.000000 0.966480 0.033520
ATCGC 0.000000 0.834862 0.000000 0.834862 0.165138
GATAA 0.000000 0.903614 0.000000 0.903614 0.096386
CGGAG 0.000000 0.525535 0.000000 0.525535 0.474465
GGAAC 0.000000 0.903125 0.000000 0.903125 0.096875
ACTTA 0.000000 0.389068 0.000000 0.389068 0.610932
CGAGA 0.000000 0.485915 0.000000 0.485915 0.514085
GATAC 0.000000 0.709722 0.000000 0.709722 0.290278
CATGA 0.000000 0.763488 0.000000 0.763488 0.236512
CGACA 0.000000 0.808501 0.000000 0.808501 0.191499
ATCCG 0.000000 0.379895 0.000000 0.379895 0.620105
AGTTC 0.000000 0.575668 0.000000 0.575668 0.424332
CGAGC 0.000000 0.860168 0.000000 0.860168 0.139832
CATCA 0.000000 0.835558 0.000000 0.835558 0.164442
CGACC 0.000000 0.976744 0.000000 0.976744 0.023256
GGAAG 0.000000 0.876147 0.000000 0.876147 0.123853
CATGC 0.000000 0.757561 0.000000 0.757561 0.242439
CATCC 0.000000 0.715241 0.000000 0.715241 0.284759
GATAG 0.000000 0.501429 0.000000 0.501429 0.498571
AGTTG 0.000000 0.926174 0.000000 0.926174 0.073826
GGGCT 0.000000 0.600000 0.000000 0.600000 0.400000
ACTTG 0.000000 0.175325 0.000000 0.175325 0.824675
CATGG 0.000000 0.600000 0.000000 0.600000 0.400000
CGACG 0.000000 0.915372 0.000000 0.915372 0.084628
CATCG 0.000000 0.884163 0.000000 0.884163 0.115837
CGGAT 0.000000 0.590476 0.000000 0.590476 0.409524
GTGGA 0.000000 0.450413 0.000000 0.450413 0.549587
GTGCA 0.000000 0.717756 0.000000 0.717756 0.282244
ATCGT 0.000000 0.953720 0.000000 0.953720 0.046280
ATCCT 0.000000 0.347126 0.000000 0.347126 0.652874
GGAAT 0.000000 0.264706 0.000000 0.264706 0.735294
GTGCC 0.000000 0.823529 0.000000 0.823529 0.176471
GATAT 0.000000 0.791262 0.000000 0.791262 0.208738
TCGGA 0.000000 0.183740 0.000000 0.183740 0.816260
TGGGA 0.000000 0.106061 0.000000 0.106061 0.893939
CTGAA 0.000000 0.666667 0.000000 0.666667 0.333333
GTGGG 0.000000 0.794971 0.000000 0.794971 0.205029
CGAGT 0.000000 0.557315 0.000000 0.557315 0.442685
AGTTT 0.000000 0.938073 0.000000 0.938073 0.061927
TCGCA 0.000000 0.411432 0.000000 0.411432 0.588568
ACTTT 0.000000 0.855140 0.000000 0.855140 0.144860
TGGGC 0.000000 0.567219 0.000000 0.567219 0.432781
CATGT 0.000000 0.921359 0.000000 0.921359 0.078641
GTGCG 0.000000 0.772868 0.000000 0.772868 0.227132
CGACT 0.000000 0.630029 0.000000 0.630029 0.369971
TCGCC 0.000000 0.874294 0.000000 0.874294 0.125706
CATCT 0.000000 0.857535 0.000000 0.857535 0.142465
CTGAC 0.000000 0.810036 0.000000 0.810036 0.189964
GTAAA 0.000000 0.900000 0.000000 0.900000 0.100000
