TCCTA 0.000000 0.210019 0.684971 0.105010
ATACT 0.170395 0.703947 0.125658 0.000000
AAGAC 0.168884 0.000000 0.132919 0.698197
ACCCT 0.141869 0.456747 0.401384 0.000000
GAATA 0.000000 0.216815 0.625000 0.158185
ATCCG 0.692325 0.101963 0.000000 0.205712
TGTGT 0.253940 0.503834 0.242226 0.000000
CAAGA 0.000000 0.239171 0.477778 0.283052
ATGTC 0.147289 0.000000 0.167156 0.685556
GAACG 0.660988 0.150158 0.000000 0.188854
TCACT 0.207203 0.673211 0.119586 0.000000
TCGTC 0.169733 0.000000 0.229406 0.600861
TGACC 0.188482 0.000000 0.314136 0.497382
CGCAT 0.150628 0.548117 0.301255 0.000000
GTTCT 0.280797 0.527627 0.191576 0.000000
TGTTT 0.336898 0.299465 0.363636 0.000000
GTCAA 0.000000 0.140957 0.707447 0.151596
CAATA 0.000000 0.182540 0.650794 0.166667
AGCAT 0.163775 0.631178 0.205047 0.000000
GGCGG 0.357143 0.157143 0.000000 0.485714
GGAGT 0.218150 0.423211 0.358639 0.000000
CAACG 0.781659 0.126638 0.000000 0.091703
GATGA 0.000000 0.142070 0.595360 0.262570
TGCAG 0.671627 0.134495 0.000000 0.193878
GTGAC 0.181963 0.000000 0.104928 0.713109
TGAAT 0.299235 0.549718 0.151047 0.000000
TTTGA 0.000000 0.344203 0.322464 0.333333
CTCAA 0.000000 0.170204 0.705975 0.123821
TATAA 0.000000 0.199794 0.486008 0.314198
TACGC 0.178094 0.000000 0.174402 0.647504
CGCGG 0.481481 0.222222 0.000000 0.296296
TGGCT 0.284483 0.383621 0.331897 0.000000
CTTCT 0.151807 0.522892 0.325301 0.000000
AAACG 0.715819 0.154614 0.000000 0.129567
TTTTA 0.000000 0.291866 0.459330 0.248804
CGAGT 0.181062 0.493001 0.325938 0.000000
ATTCT 0.193396 0.389937 0.416667 0.000000
GCCGA 0.000000 0.136945 0.539512 0.323542
ATCAA 0.000000 0.152893 0.541322 0.305785
CTGAC 0.304965 0.000000 0.177305 0.517730
TACTC 0.168142 0.000000 0.226549 0.605310
TGTCC 0.294326 0.000000 0.388298 0.317376
GTAGA 0.000000 0.203918 0.539515 0.256567
CATGA 0.000000 0.199098 0.574313 0.226589
AGAGT 0.342367 0.439928 0.217706 0.000000
GATCG 0.757471 0.120476 0.000000 0.122054
CGCTG 0.528341 0.174467 0.000000 0.297192
AATGA 0.000000 0.349442 0.509294 0.141264
TCTCT 0.309115 0.472292 0.218594 0.000000
TTAAA 0.000000 0.383929 0.375000 0.241071
CGATT 0.327273 0.600000 0.072727 0.000000
ATGAC 0.193333 0.000000 0.182667 0.624000
GAGCA 0.000000 0.152099 0.664632 0.183269
GTATA 0.000000 0.168186 0.691988 0.139826
CATTA 0.000000 0.105960 0.746689 0.147351
GCCTA 0.000000 0.234536 0.610825 0.154639
AGATT 0.062500 0.585938 0.351562 0.000000
TTGCA 0.000000 0.191489 0.414894 0.393617
CTAGA 0.000000 0.175833 0.622083 0.202083
AGCTG 0.574316 0.187811 0.000000 0.237873
GGTGT 0.187075 0.622449 0.190476 0.000000
GGACC 0.205360 0.000000 0.148551 0.646090
GTACG 0.581447 0.214155 0.000000 0.204399
CATCG 0.667806 0.164688 0.000000 0.167506
TGATG 0.723014 0.145785 0.000000 0.131202
GCCCG 0.567742 0.238710 0.000000 0.193548
TCGAC 0.160168 0.000000 0.131364 0.708467
AATTA 0.000000 0.416667 0.458333 0.125000
TGTAT 0.212203 0.452012 0.335784 0.000000
GCACT 0.136800 0.775123 0.088077 0.000000
GCGTC 0.172544 0.000000 0.219144 0.608312
CAAAA 0.000000 0.376812 0.507246 0.115942
CCCTA 0.000000 0.501475 0.297935 0.200590
ATAGA 0.000000 0.145367 0.634363 0.220270
AAAAA 0.000000 0.404598 0.229502 0.365900
ACCGA 0.000000 0.161803 0.662738 0.175458
CAGCA 0.000000 0.094239 0.641596 0.264165
TCAGA 0.000000 0.161640 0.594247 0.244112
CTATA 0.000000 0.208210 0.688427 0.103363
CGTGT 0.240854 0.527689 0.231457 0.000000
AAGCA 0.000000 0.258964 0.424303 0.316733
ATATA 0.000000 0.169948 0.708345 0.121706
ACCTA 0.000000 0.273101 0.525667 0.201232
GGCAG 0.820968 0.038710 0.000000 0.140323
CCACT 0.153846 0.769231 0.076923 0.000000
CCGTC 0.125304 0.000000 0.148418 0.726277
CGACC 0.126316 0.000000 0.115789 0.757895
GGAAT 0.222222 0.555556 0.222222 0.000000
CTACG 0.597688 0.198552 0.000000 0.203760
GATAA 0.000000 0.211009 0.403670 0.385321
TTCGC 0.184987 0.000000 0.278820 0.536193
AGTGT 0.267260 0.432228 0.300512 0.000000
AGACC 0.218486 0.000000 0.217005 0.564509
ATACG 0.638889 0.141414 0.000000 0.219697
ACCCG 0.561905 0.242857 0.000000 0.195238
GACGC 0.165289 0.000000 0.110537 0.724174
TTTAA 0.000000 0.162162 0.486486 0.351351
TCATA 0.000000 0.250831 0.584618 0.164551
GGGCT 0.291391 0.576159 0.132450 0.000000
CGTTT 0.134199 0.385281 0.480519 0.000000
ACACT 0.202094 0.658979 0.138926 0.000000
ACGTC 0.142737 0.000000 0.237277 0.619987
GTTTA 0.000000 0.324612 0.437016 0.238372
TGTGG 0.457704 0.256798 0.000000 0.285498
TACAC 0.204853 0.000000 0.185987 0.609160
AGTTT 0.197861 0.363636 0.438503 0.000000
GACTC 0.216760 0.000000 0.241457 0.541783
CGAAT 0.175419 0.615424 0.209158 0.000000
TGGGA 0.000000 0.491228 0.273684 0.235088
TCACG 0.465278 0.324519 0.000000 0.210203
GGTCC 0.111014 0.000000 0.240385 0.648601
TTCTC 0.255507 0.000000 0.317181 0.427313
CGCAG 0.730881 0.120759 0.000000 0.148360
GTTCG 0.700026 0.140051 0.000000 0.159923
TGTTG 0.326797 0.261438 0.000000 0.411765
CACGC 0.135688 0.000000 0.234201 0.630112
AGCAG 0.639968 0.125794 0.000000 0.234238
GCTCT 0.324207 0.526657 0.149135 0.000000
GTAAA 0.000000 0.235849 0.669811 0.094340
CATAA 0.000000 0.218750 0.473958 0.307292
GCCAA 0.000000 0.243176 0.602978 0.153846
CTTTA 0.000000 0.528662 0.382166 0.089172
AGAAT 0.231810 0.560491 0.207699 0.000000
AATAA 0.000000 0.253149 0.500000 0.246851
GTGCA 0.000000 0.191325 0.657812 0.150863
TGGTA 0.000000 0.302326 0.558140 0.139535
TCTGA 0.000000 0.225347 0.577604 0.197049
AACGC 0.097493 0.000000 0.167131 0.735376
AGGCT 0.074074 0.822222 0.103704 0.000000
ATTTA 0.000000 0.448276 0.293103 0.258621
CACTC 0.197289 0.000000 0.211422 0.591288
GGATG 0.666667 0.102564 0.000000 0.230769
GCGAC 0.251015 0.000000 0.190089 0.558895
CCTCT 0.221130 0.452088 0.326781 0.000000
CTAAA 0.000000 0.421875 0.359375 0.218750
CCCAA 0.000000 0.347826 0.441176 0.210997
CGTCC 0.552632 0.000000 0.184211 0.263158
TGGCG 0.487705 0.192623 0.000000 0.319672
AACTC 0.425049 0.000000 0.249014 0.325937
CTTCG 0.510802 0.200617 0.000000 0.288580
AGTCC 0.151220 0.000000 0.190244 0.658537
ATTCG 0.620674 0.200592 0.000000 0.178734
CTGCA 0.000000 0.172115 0.691987 0.135897
GCAGA 0.000000 0.222703 0.478355 0.298942
ACTCT 0.237513 0.520899 0.241588 0.000000
ATAAA 0.000000 0.240964 0.530120 0.228916
ACCAA 0.000000 0.133333 0.600000 0.266667
CCGAC 0.210841 0.000000 0.146485 0.642675
TCAAA 0.000000 0.274425 0.557471 0.168103
AGAGG 0.405063 0.126582 0.000000 0.468354
CGTAT 0.205070 0.441963 0.352967 0.000000
ATGCA 0.000000 0.223103 0.594683 0.182214
TCTCG 0.622283 0.162512 0.000000 0.215205
CGATG 0.712963 0.132587 0.000000 0.154450
GTCGC 0.167217 0.000000 0.170093 0.662690
TCGCA 0.000000 0.193560 0.581524 0.224916
AGATG 0.624594 0.193858 0.000000 0.181548
ACGAC 0.175829 0.000000 0.166763 0.657407
GCATA 0.000000 0.327112 0.517682 0.155206
TAGGT 0.245283 0.622642 0.132075 0.000000
TTCAC 0.142446 0.000000 0.592806 0.264748
AGTAT 0.250568 0.375568 0.373864 0.000000
GGTGG 0.511278 0.157895 0.000000 0.330827
GACAC 0.245219 0.000000 0.155055 0.599727
GGGGA 0.000000 0.287611 0.376106 0.336283
TAGTT 0.269174 0.558997 0.171829 0.000000
GCACG 0.481898 0.300804 0.000000 0.217298
TGTAG 0.704254 0.072621 0.000000 0.223124
ACAGA 0.000000 0.178815 0.548486 0.272700
CTCGC 0.164756 0.000000 0.190446 0.644798
TATGC 0.251717 0.000000 0.230058 0.518225
GTCTC 0.203519 0.000000 0.330551 0.465930
TGGAA 0.000000 0.206573 0.453052 0.340376
CCATA 0.000000 0.258597 0.533700 0.207703
CGTGG 0.787879 0.121212 0.000000 0.090909
CACAC 0.243341 0.000000 0.202179 0.554479
ATCGC 0.233254 0.000000 0.154904 0.611842
CGGGA 0.000000 0.313167 0.289442 0.397390
CCACG 0.263158 0.345865 0.000000 0.390977
GCTGA 0.000000 0.134733 0.687664 0.177603
ATTAA 0.000000 0.437653 0.327628 0.234719
ACATA 0.000000 0.178250 0.677939 0.143812
GGAAG 0.543860 0.257310 0.000000 0.198830
CTCTC 0.295520 0.000000 0.338632 0.365848
GAAGC 0.254545 0.000000 0.154545 0.590909
AGTGG 0.525240 0.280048 0.000000 0.194712
AACAC 0.314176 0.000000 0.220307 0.465517
TTAGC 0.170051 0.000000 0.225888 0.604061
GGGCG 0.816794 0.087786 0.000000 0.095420
TAAAC 0.245763 0.000000 0.220339 0.533898
TCCGC 0.273490 0.000000 0.156040 0.570470
AGGGA 0.000000 0.318408 0.233831 0.447761
TACCA 0.000000 0.198882 0.585463 0.215655
ACACG 0.590456 0.254986 0.000000 0.154558
ATCTC 0.271003 0.000000 0.316463 0.412534
AGTTG 0.521739 0.173913 0.000000 0.304348
CGGTA 0.000000 0.251852 0.644444 0.103704
GCTTA 0.000000 0.237960 0.518414 0.243626
CGAAG 0.676190 0.104762 0.000000 0.219048
TTATC 0.119048 0.000000 0.339827 0.541126
TCCTC 0.175532 0.000000 0.414894 0.409574
GAATC 0.120482 0.000000 0.394578 0.484940
GCAAA 0.000000 0.283237 0.601156 0.115607
GCTCG 0.629416 0.219692 0.000000 0.150892
ACTGA 0.000000 0.124788 0.685059 0.190153
CAAGC 0.234043 0.000000 0.321513 0.444444
AGAAG 0.656028 0.099291 0.000000 0.244681
GCGCA 0.000000 0.158953 0.662583 0.178463
AAAGC 0.140625 0.000000 0.078125 0.781250
CCTTA 0.000000 0.287805 0.497561 0.214634
GAGGT 0.263158 0.552632 0.184211 0.000000
GTCAC 0.184502 0.000000 0.382454 0.433043
CAATC 0.358491 0.000000 0.252830 0.388679
AGGCG 0.532226 0.241188 0.000000 0.226586
TAGAT 0.219720 0.483396 0.296884 0.000000
CCTCG 0.551428 0.204983 0.000000 0.243590
TGCCT 0.221649 0.571134 0.207216 0.000000
ACTTA 0.000000 0.100000 0.612500 0.287500
GAGTT 0.177778 0.521296 0.300926 0.000000
GGTAG 0.601852 0.222222 0.000000 0.175926
GATGC 0.188455 0.000000 0.139219 0.672326
TTGTT 0.165354 0.468504 0.366142 0.000000
CAGGT 0.451318 0.253550 0.295132 0.000000
ACAAA 0.000000 0.199757 0.655380 0.144862
TTTGC 0.189024 0.000000 0.358537 0.452439
CTCAC 0.264553 0.000000 0.193134 0.542313
TATAC 0.310531 0.000000 0.200120 0.489349
ACTCG 0.671574 0.120633 0.000000 0.207794
ACGCA 0.000000 0.230933 0.441777 0.327290
TTTTC 0.244681 0.000000 0.258865 0.496454
CGTAG 0.673463 0.103554 0.000000 0.222984
AAGGT 0.312102 0.426752 0.261146 0.000000
CATGC 0.205175 0.000000 0.255124 0.539701
GATTC 0.216783 0.000000 0.159674 0.623543
ATCAC 0.247971 0.000000 0.227870 0.524159
GACCA 0.000000 0.178030 0.535275 0.286695
GCTAA 0.000000 0.252874 0.241379 0.505747
CAGTT 0.198795 0.602410 0.198795 0.000000
TTCCA 0.000000 0.308989 0.488764 0.202247
GTAGC 0.209167 0.000000 0.247529 0.543304
GAAAC 0.261468 0.000000 0.214067 0.524465
TAGGG 0.708791 0.120879 0.000000 0.170330
AAGTT 0.121212 0.686869 0.191919 0.000000
AGTAG 0.632364 0.140086 0.000000 0.227550
AATGC 0.234375 0.000000 0.223958 0.541667
TTAAC 0.303419 0.000000 0.081197 0.615385
TCCAC 0.263441 0.000000 0.473118 0.263441
AGGAA 0.000000 0.175000 0.575000 0.250000
GAGCC 0.302548 0.000000 0.127389 0.570064
GTATC 0.216401 0.000000 0.179432 0.604167
CATTC 0.141837 0.000000 0.268793 0.589371
GCCTC 0.215010 0.000000 0.382184 0.402806
TAGTG 0.556035 0.205699 0.000000 0.238265
CCTAA 0.000000 0.215686 0.666667 0.117647
TTGCC 0.245451 0.000000 0.130715 0.623835
CTAGC 0.299701 0.000000 0.176383 0.523916
AATTC 0.141694 0.000000 0.200326 0.657980
AACCA 0.000000 0.196078 0.561625 0.242297
GTGGT 0.295858 0.355030 0.349112 0.000000
ACTAA 0.000000 0.285311 0.426554 0.288136
CAAAC 0.368913 0.000000 0.160668 0.470419
CCCTC 0.440758 0.000000 0.289100 0.270142
ATAGC 0.279412 0.000000 0.196078 0.524510
ACCGC 0.223881 0.000000 0.074627 0.701493
AAAAC 0.230769 0.000000 0.282051 0.487179
GAGAT 0.195274 0.526119 0.278607 0.000000
TCAGC 0.257631 0.000000 0.173789 0.568580
CTATC 0.168978 0.000000 0.211492 0.619530
TAACA 0.000000 0.204573 0.569795 0.225632
GGCCT 0.169221 0.653895 0.176884 0.000000
AAGCC 0.209677 0.000000 0.235484 0.554839
ATATC 0.270331 0.000000 0.253765 0.475904
ACCTC 0.136667 0.000000 0.286667 0.576667
CTGGT 0.180723 0.602410 0.216867 0.000000
GTGTT 0.429553 0.298969 0.271478 0.000000
GTTGC 0.162996 0.000000 0.374449 0.462555
GATAC 0.286195 0.000000 0.164611 0.549194
TGCGA 0.000000 0.138430 0.700413 0.161157
CAGAT 0.196273 0.566626 0.237101 0.000000
TTTAC 0.248677 0.000000 0.291005 0.460317
TCATC 0.226269 0.000000 0.257382 0.516349
CGCCT 0.169118 0.694853 0.136029 0.000000
CTGTT 0.287066 0.318612 0.394322 0.000000
TGGGC 0.268627 0.000000 0.218627 0.512745
CTTGC 0.129741 0.000000 0.338323 0.531936
AAGAT 0.313725 0.480392 0.205882 0.000000
GTCCA 0.000000 0.396774 0.370968 0.232258
TGCTA 0.000000 0.173406 0.667509 0.159085
AGCCT 0.196382 0.480620 0.322997 0.000000
TCGGT 0.227545 0.534930 0.237525 0.000000
GTAAC 0.352480 0.000000 0.142298 0.505222
TGACT 0.172222 0.696277 0.131501 0.000000
CATAC 0.236408 0.000000 0.209095 0.554497
GCCAC 0.265306 0.000000 0.102041 0.632653
TAGAG 0.709657 0.108277 0.000000 0.182066
CTTTC 0.085714 0.000000 0.400000 0.514286
TGCCG 0.670139 0.149306 0.000000 0.180556
GAGTG 0.586329 0.206019 0.000000 0.207653
AATAC 0.204301 0.000000 0.220430 0.575269
TCGTT 0.204000 0.432000 0.364000 0.000000
GTGCC 0.215447 0.000000 0.252033 0.532520
TGGTC 0.102326 0.000000 0.218605 0.679070
TCTGC 0.210488 0.000000 0.268060 0.521452
TTGTG 0.279835 0.304527 0.000000 0.415638
TATCA 0.000000 0.223670 0.561530 0.214800
CAGGG 0.469435 0.294118 0.000000 0.236448
CTAAC 0.212389 0.000000 0.159292 0.628319
CCCAC 0.442688 0.000000 0.407115 0.150198
AAGGG 0.291667 0.572917 0.000000 0.135417
GTGAT 0.249628 0.484003 0.266369 0.000000
TTACA 0.000000 0.248201 0.546763 0.205036
TCTTC 0.271635 0.000000 0.356971 0.371394
TCCCA 0.000000 0.207101 0.615385 0.177515
GCAGC 0.258906 0.000000 0.219207 0.521886
GAACA 0.000000 0.118644 0.686158 0.195198
CAGTG 0.644593 0.154118 0.000000 0.201289
ACCAC 0.237209 0.000000 0.330233 0.432558
TACGT 0.244007 0.536815 0.219178 0.000000
TCAAC 0.262117 0.000000 0.567755 0.170129
AAGTG 0.602230 0.144981 0.000000 0.252788
ATGCC 0.265852 0.000000 0.125713 0.608435
GGCGA 0.000000 0.143357 0.543706 0.312937
CTGAT 0.187911 0.540845 0.271244 0.000000
TACTT 0.264151 0.484277 0.251572 0.000000
TCGCC 0.176075 0.000000 0.194159 0.629765
GTTAC 0.056604 0.000000 0.157233 0.786164
CCAGC 0.104167 0.000000 0.145833 0.750000
TGTCT 0.167797 0.731539 0.100664 0.000000
GCATC 0.212355 0.000000 0.289575 0.498069
CAACA 0.000000 0.238209 0.447506 0.314286
TGCAA 0.000000 0.187093 0.636915 0.175992
GCGGT 0.533333 0.233333 0.233333 0.000000
ATGAT 0.194672 0.542577 0.262750 0.000000
GGGGC 0.388350 0.000000 0.135922 0.475728
GTGGG 0.554124 0.242268 0.000000 0.203608
ACAGC 0.232971 0.000000 0.169203 0.597826
CGCGA 0.000000 0.124420 0.790622 0.084958
GGCTA 0.000000 0.229412 0.564706 0.205882
AAACA 0.000000 0.240984 0.552921 0.206095
TGGAC 0.220779 0.000000 0.139250 0.639971
CTTAC 0.274038 0.000000 0.490385 0.235577
CCATC 0.223941 0.000000 0.264858 0.511201
GGACT 0.169145 0.685874 0.144981 0.000000
GAGAG 0.473077 0.246154 0.000000 0.280769
TCGAT 0.113456 0.632679 0.253864 0.000000
GGCCG 0.697842 0.068345 0.000000 0.233813
AGCGA 0.000000 0.156931 0.461130 0.381938
GCGTT 0.163265 0.602041 0.234694 0.000000
TTTCA 0.000000 0.264706 0.318182 0.417112
CGGGC 0.412791 0.000000 0.104651 0.482558
GGGTC 0.219697 0.000000 0.166667 0.613636
CTGGG 0.449602 0.240053 0.000000 0.310345
GCTGC 0.170557 0.000000 0.220826 0.608618
GTGTG 0.524242 0.235184 0.000000 0.240575
ATTAC 0.058824 0.000000 0.270588 0.670588
GATCA 0.000000 0.182070 0.589092 0.228837
ACATC 0.228291 0.000000 0.319559 0.452151
CGCTA 0.000000 0.097534 0.683296 0.219170
CCGGT 0.247664 0.570093 0.182243 0.000000
TCTAC 0.301144 0.000000 0.159601 0.539255
TGAGA 0.000000 0.239030 0.472286 0.288684
CAGAG 0.576923 0.168363 0.000000 0.254713
AGGGC 0.259223 0.000000 0.278986 0.461792
CGCCG 0.745004 0.083933 0.000000 0.171063
CCGTT 0.243590 0.551282 0.205128 0.000000
AGCTA 0.000000 0.080991 0.760375 0.158635
CGACT 0.110307 0.806579 0.083114 0.000000
CGGTC 0.178571 0.000000 0.107143 0.714286
CCTGC 0.304557 0.000000 0.167969 0.527474
GTACA 0.000000 0.255991 0.539838 0.204171
CTGTG 0.604592 0.217444 0.000000 0.177964
GCTTC 0.252874 0.000000 0.444444 0.302682
CATCA 0.000000 0.180857 0.614909 0.204234
TGATA 0.000000 0.114215 0.809599 0.076187
GCCCA 0.000000 0.227273 0.621212 0.151515
TTCGT 0.224262 0.546796 0.228942 0.000000
AGACT 0.161912 0.747237 0.090851 0.000000
GACGT 0.148238 0.629584 0.222177 0.000000
GCAAC 0.426877 0.000000 0.106719 0.466403
ACGTT 0.186047 0.697674 0.116279 0.000000
TACAT 0.172956 0.649371 0.177673 0.000000
AGGTC 0.278195 0.000000 0.330827 0.390977
ACTGC 0.221680 0.000000 0.166992 0.611328
ATGTG 0.611111 0.199585 0.000000 0.189304
AATCA 0.000000 0.135940 0.689013 0.175047
GACTT 0.192771 0.654618 0.152610 0.000000
GCGCC 0.309187 0.000000 0.148410 0.542403
CCTTC 0.137097 0.000000 0.239919 0.622984
TCGTG 0.579055 0.182468 0.000000 0.238477
GGTCT 0.267409 0.540390 0.192201 0.000000
TGACG 0.521707 0.191317 0.000000 0.286976
TTCTT 0.238710 0.468817 0.292473 0.000000
GGCAA 0.000000 0.363450 0.455852 0.180698
CACGT 0.184055 0.556562 0.259383 0.000000
CCAAC 0.223958 0.000000 0.197049 0.578993
CTACA 0.000000 0.154268 0.602193 0.243540
CCCCA 0.000000 0.542125 0.336996 0.120879
ATACA 0.000000 0.160287 0.603076 0.236636
GCGAT 0.095865 0.657895 0.246241 0.000000
AACGT 0.155390 0.641182 0.203428 0.000000
GGGAC 0.240692 0.000000 0.220434 0.538874
GTGAG 0.508464 0.162459 0.000000 0.329077
TGTGA 0.000000 0.178521 0.523531 0.297948
ACAAC 0.263171 0.000000 0.251266 0.485562
TAAGT 0.194529 0.370821 0.434650 0.000000
CACTT 0.319392 0.304183 0.376426 0.000000
TCACA 0.000000 0.182206 0.611988 0.205806
TACGG 0.414474 0.177632 0.000000 0.407895
CGTCT 0.155487 0.735290 0.109223 0.000000
AACTT 0.142857 0.580952 0.276190 0.000000
ACGCC 0.205882 0.000000 0.161765 0.632353
CGCAA 0.000000 0.187179 0.600000 0.212821
GTTCA 0.000000 0.296186 0.512571 0.191243
TGTTA 0.000000 0.098039 0.751634 0.150327
AGTCT 0.171709 0.759604 0.068686 0.000000
AGCAA 0.000000 0.212329 0.472603 0.315068
GACCC 0.102612 0.000000 0.097015 0.800373
CTGAG 0.471441 0.172914 0.000000 0.355645
TACTG 0.498837 0.289535 0.000000 0.211628
GCTAC 0.256873 0.000000 0.200172 0.542955
TTCCC 0.278450 0.000000 0.323245 0.398305
TGTCG 0.634596 0.148248 0.000000 0.217156
CCGAT 0.485714 0.357143 0.157143 0.000000
CGGAC 0.207643 0.000000 0.165746 0.626611
AGGAC 0.238889 0.000000 0.122620 0.638491
GCGGG 0.694444 0.111111 0.000000 0.194444
ATGAG 0.493607 0.155864 0.000000 0.350529
GGATA 0.000000 0.204867 0.696563 0.098570
GTCGT 0.210935 0.598860 0.190205 0.000000
ACGAT 0.130052 0.660264 0.209684 0.000000
CCTAC 0.319885 0.000000 0.355908 0.324207
CTTCA 0.000000 0.214286 0.289541 0.496173
CGAGA 0.000000 0.228188 0.480984 0.290828
TTCAT 0.321117 0.497565 0.181318 0.000000
ATTCA 0.000000 0.179747 0.618143 0.202110
CACCC 0.191358 0.000000 0.259259 0.549383
GACAT 0.177164 0.640976 0.181860 0.000000
GGACG 0.691067 0.106700 0.000000 0.202233
TCGAG 0.439799 0.228261 0.000000 0.331940
AACCC 0.285714 0.000000 0.250000 0.464286
GCGTG 0.549489 0.248671 0.000000 0.201840
ACTAC 0.220368 0.000000 0.193196 0.586436
CTCGT 0.297949 0.470617 0.231433 0.000000
TATGT 0.195638 0.537982 0.266380 0.000000
GTCTT 0.230392 0.504902 0.264706 0.000000
AGAGA 0.000000 0.264778 0.445003 0.290219
TCTCA 0.000000 0.198559 0.550011 0.251430
CCGGG 0.376083 0.296938 0.000000 0.326979
CGATA 0.000000 0.092660 0.859133 0.048207
TAACC 0.234375 0.000000 0.070312 0.695312
CACAT 0.150287 0.573345 0.276369 0.000000
ACGGG 0.620280 0.244876 0.000000 0.134844
AGATA 0.000000 0.132992 0.753675 0.113333
ATCGT 0.281034 0.481098 0.237868 0.000000
CCGTG 0.594498 0.145933 0.000000 0.259569
CGACG 0.605872 0.155665 0.000000 0.238463
GGTGA 0.000000 0.037736 0.811321 0.150943
CTCTT 0.246667 0.400000 0.353333 0.000000
TATTT 0.134694 0.355102 0.510204 0.000000
GAAGT 0.191304 0.650000 0.158696 0.000000
TGCGC 0.193750 0.000000 0.253571 0.552679
TTCGG 0.524725 0.225275 0.000000 0.250000
AACAT 0.205108 0.548925 0.245968 0.000000
AGACG 0.579963 0.157578 0.000000 0.262459
TGTAA 0.000000 0.227273 0.560606 0.212121
GCACA 0.000000 0.301053 0.427368 0.271579
GACGG 0.535897 0.261538 0.000000 0.202564
TTAGT 0.192308 0.538462 0.269231 0.000000
TCCGT 0.199125 0.610503 0.190372 0.000000
GGTTA 0.000000 0.095745 0.648936 0.255319
ACGTG 0.531197 0.180790 0.000000 0.288013
TACAG 0.676752 0.119872 0.000000 0.203376
TAGCT 0.232669 0.521842 0.245489 0.000000
GACTG 0.470309 0.279097 0.000000 0.250594
CGTGA 0.000000 0.136099 0.688457 0.175444
TCCTT 0.141612 0.485839 0.372549 0.000000
GTCCC 0.261848 0.000000 0.305687 0.432464
TGCTC 0.231950 0.000000 0.136555 0.631495
GGTCG 0.687500 0.156250 0.000000 0.156250
CACGG 0.530364 0.299595 0.000000 0.170040
GGAAA 0.000000 0.238095 0.619048 0.142857
CAAGT 0.162037 0.717593 0.120370 0.000000
AGTGA 0.000000 0.112991 0.660249 0.226760
AAAGT 0.403846 0.384615 0.211538 0.000000
GGGCA 0.000000 0.086390 0.866341 0.047270
ACACA 0.000000 0.300451 0.441262 0.258287
AACGG 0.398113 0.372956 0.000000 0.228931
GTCAT 0.298514 0.437442 0.264044 0.000000
TATCC 0.208333 0.000000 0.358333 0.433333
CAATT 0.233202 0.602767 0.164032 0.000000
TAAGG 0.426182 0.263198 0.000000 0.310620
CACTG 0.518129 0.248538 0.000000 0.233333
CGAAA 0.000000 0.062500 0.593750 0.343750
GCGAG 0.552455 0.188616 0.000000 0.258929
CGTCG 0.578673 0.174479 0.000000 0.246848
AACTG 0.427184 0.194175 0.000000 0.378641
GATGT 0.260361 0.553268 0.186371 0.000000
AGTCG 0.719686 0.112868 0.000000 0.167445
GCTCA 0.000000 0.213491 0.489849 0.296660
TTTGT 0.205164 0.536150 0.258685 0.000000
TTACC 0.184713 0.000000 0.382166 0.433121
CTCAT 0.219340 0.526257 0.254403 0.000000
TATAT 0.310608 0.365222 0.324169 0.000000
TCCCC 0.350629 0.000000 0.313208 0.336164
AGAAA 0.000000 0.145161 0.682796 0.172043
GAACC 0.279869 0.000000 0.087851 0.632279
TAATG 0.467153 0.372263 0.000000 0.160584
CCGAG 0.525469 0.182306 0.000000 0.292225
TTTTT 0.228721 0.378703 0.392576 0.000000
AGGCA 0.000000 0.231533 0.592245 0.176222
CATGT 0.215253 0.535590 0.249158 0.000000
GCCGT 0.201863 0.559006 0.239130 0.000000
GATTT 0.090909 0.500000 0.409091 0.000000
ATCAT 0.172914 0.583146 0.243941 0.000000
GGCGC 0.212355 0.000000 0.401544 0.386100
CCTCA 0.000000 0.215116 0.611192 0.173692
GGTAA 0.000000 0.658120 0.188034 0.153846
ACGAG 0.415059 0.243291 0.000000 0.341650
GTAGT 0.268335 0.570770 0.160894 0.000000
CAACC 0.142857 0.000000 0.490842 0.366300
TGCAC 0.246396 0.000000 0.274574 0.479030
TTCAG 0.545685 0.129442 0.000000 0.324873
AATGT 0.255773 0.458835 0.285392 0.000000
GACAG 0.700788 0.090867 0.000000 0.208345
TCCAT 0.062016 0.782946 0.155039 0.000000
ACTCA 0.000000 0.231713 0.555455 0.212831
GAGCT 0.197113 0.642744 0.160142 0.000000
GTATT 0.094340 0.283019 0.622642 0.000000
CATTT 0.301887 0.314465 0.383648 0.000000
GCCTT 0.253968 0.380952 0.365079 0.000000
CGCGC 0.248043 0.000000 0.204731 0.547225
GGCTC 0.166667 0.000000 0.270833 0.562500
AAACC 0.225446 0.000000 0.113839 0.660714
CTCGG 0.304167 0.491667 0.000000 0.204167
TATGG 0.554945 0.247253 0.000000 0.197802
TTGCT 0.153846 0.444444 0.401709 0.000000
GTCTG 0.455752 0.363665 0.000000 0.180584
CGTAA 0.000000 0.324025 0.482713 0.193262
CTAGT 0.190134 0.606863 0.203003 0.000000
CCCGT 0.168776 0.582278 0.248945 0.000000
ACCGT 0.222517 0.526739 0.250744 0.000000
CACAG 0.692979 0.154869 0.000000 0.152151
AGCGC 0.192404 0.000000 0.174435 0.633161
TTTCC 0.394558 0.000000 0.319728 0.285714
TAGGA 0.000000 0.205517 0.354312 0.440171
CTATT 0.204255 0.417021 0.378723 0.000000
CCCTT 0.337500 0.166667 0.495833 0.000000
AGTAA 0.000000 0.160000 0.700000 0.140000
ATAGT 0.245116 0.516811 0.238073 0.000000
CGCTC 0.196137 0.000000 0.178541 0.625322
AAAAT 0.306723 0.399160 0.294118 0.000000
CTCTG 0.464195 0.332788 0.000000 0.203017
GAAGG 0.540541 0.135135 0.000000 0.324324
CAGCT 0.166962 0.635001 0.198037 0.000000
TCAGT 0.176744 0.671802 0.151453 0.000000
AACAG 0.693259 0.101930 0.000000 0.204811
TAGTA 0.000000 0.172798 0.680881 0.146321
TGAGC 0.232188 0.000000 0.215417 0.552396
TTAGG 0.450413 0.305785 0.000000 0.243802
TCCGG 0.817073 0.036585 0.000000 0.146341
ATATT 0.369565 0.326087 0.304348 0.000000
ACCTT 0.182495 0.407821 0.409683 0.000000
AGCTC 0.172691 0.000000 0.223645 0.603663
ATCTG 0.539695 0.342422 0.000000 0.117883
GTACC 0.220149 0.000000 0.257463 0.522388
CATCC 0.355820 0.000000 0.181548 0.462632
TGATC 0.174747 0.000000 0.228788 0.596465
GATAT 0.283102 0.405451 0.311446 0.000000
TAGCG 0.565208 0.185244 0.000000 0.249549
TCCTG 0.550000 0.147222 0.000000 0.302778
GAATG 0.706085 0.175794 0.000000 0.118122
TTTAT 0.225434 0.547688 0.226879 0.000000
TCATT 0.154356 0.544886 0.300758 0.000000
GTTTT 0.275568 0.416193 0.308239 0.000000
CAAGG 0.524323 0.257826 0.000000 0.217851
AATCC 0.476804 0.000000 0.128866 0.394330
CTTGT 0.193548 0.520161 0.286290 0.000000
GGCAC 0.457490 0.000000 0.129555 0.412955
GTCAG 0.633678 0.145667 0.000000 0.220655
CTACC 0.200803 0.000000 0.345382 0.453815
GTAAT 0.134328 0.746269 0.119403 0.000000
CATAT 0.290406 0.400388 0.309206 0.000000
CCCCC 0.365682 0.000000 0.248451 0.385867
GCCAT 0.251333 0.530121 0.218545 0.000000
CTTTT 0.394286 0.331429 0.274286 0.000000
ATACC 0.229842 0.000000 0.138247 0.631911
AATAT 0.374233 0.343558 0.282209 0.000000
GATGG 0.548507 0.291045 0.000000 0.160448
GTGCT 0.215940 0.639555 0.144505 0.000000
TCTGT 0.333184 0.437684 0.229132 0.000000
AAATG 0.482625 0.328185 0.000000 0.189189
TGTGC 0.258272 0.000000 0.177942 0.563786
CTCAG 0.683905 0.110932 0.000000 0.205163
TATAG 0.639074 0.141325 0.000000 0.219602
ATTTT 0.097122 0.521583 0.381295 0.000000
TTGGA 0.000000 0.385965 0.280702 0.333333
CGCAC 0.269360 0.000000 0.124732 0.605908
GTTCC 0.316957 0.000000 0.218700 0.464342
TGTTC 0.193277 0.000000 0.193277 0.613445
TTTTG 0.342857 0.285714 0.000000 0.371429
CTGCT 0.235705 0.625406 0.138889 0.000000
CATGG 0.549020 0.254902 0.000000 0.196078
AGCAC 0.218733 0.000000 0.159780 0.621488
ATCAG 0.678181 0.109083 0.000000 0.212736
TAGAA 0.000000 0.228643 0.537688 0.233668
TCTTT 0.255319 0.465426 0.279255 0.000000
GCAGT 0.173137 0.643516 0.183346 0.000000
ATAAT 0.251012 0.542510 0.206478 0.000000
TGCCA 0.000000 0.277143 0.568571 0.154286
ACCAT 0.231264 0.470294 0.298442 0.000000
GAGTA 0.000000 0.192688 0.651186 0.156126
GTAGG 0.603806 0.162630 0.000000 0.233564
GAAAG 0.696970 0.070707 0.000000 0.232323
TTGTA 0.000000 0.288538 0.581028 0.130435
TGAAC 0.262274 0.000000 0.153962 0.583764
AATGG 0.543103 0.275862 0.000000 0.181034
ATGCT 0.156148 0.657236 0.186616 0.000000
CAGGA 0.000000 0.282038 0.327556 0.390406
TCCAG 0.410959 0.150685 0.000000 0.438356
GGATC 0.375415 0.000000 0.197674 0.426910
GAGCG 0.461044 0.212935 0.000000 0.326021
GTATG 0.554610 0.277160 0.000000 0.168230
TCGCT 0.141401 0.737145 0.121454 0.000000
GCCTG 0.430168 0.392924 0.000000 0.176909
CTTCC 0.107692 0.000000 0.630769 0.261538
CCAGT 0.234211 0.592105 0.173684 0.000000
GCATT 0.192926 0.411576 0.395498 0.000000
CGAGC 0.427704 0.000000 0.243925 0.328372
CTAGG 0.431373 0.339869 0.000000 0.228758
ATTCC 0.238095 0.000000 0.190476 0.571429
AAGGA 0.000000 0.307692 0.500000 0.192308
CCCGG 0.475983 0.366812 0.000000 0.157205
CAGTA 0.000000 0.125744 0.749008 0.125248
ACAGT 0.177049 0.652113 0.170838 0.000000
CAAAG 0.590164 0.147541 0.000000 0.262295
CCCTG 0.454861 0.309028 0.000000 0.236111
AAGTA 0.000000 0.139752 0.512422 0.347826
AGAGC 0.287185 0.000000 0.213369 0.499447
ATAGG 0.643220 0.128814 0.000000 0.227966
TGGAT 0.363636 0.388430 0.247934 0.000000
ACCGG 0.578032 0.217642 0.000000 0.204326
TCTCC 0.389222 0.000000 0.155689 0.455090
CCATT 0.141975 0.703704 0.154321 0.000000
CGATC 0.151590 0.000000 0.294408 0.554002
CAGCG 0.585481 0.143471 0.000000 0.271048
TCAGG 0.515711 0.173222 0.000000 0.311067
CTATG 0.456897 0.422414 0.000000 0.120690
GTTGG 0.700000 0.060000 0.000000 0.240000
AGATC 0.124173 0.000000 0.220403 0.655423
ATATG 0.620910 0.248891 0.000000 0.130200
ACCTG 0.505323 0.318363 0.000000 0.176314
CGGGT 0.254438 0.331361 0.414201 0.000000
GCTGT 0.252347 0.499680 0.247973 0.000000
ACATT 0.075630 0.785714 0.138655 0.000000
GGTGC 0.152174 0.000000 0.391304 0.456522
TACCT 0.189008 0.478552 0.332440 0.000000
GATAG 0.740291 0.070711 0.000000 0.188998
TCTAT 0.240164 0.550820 0.209016 0.000000
TGTAC 0.299242 0.000000 0.118371 0.582386
GCACC 0.067194 0.000000 0.426877 0.505929
GTGGA 0.000000 0.325301 0.343373 0.331325
TTTAG 0.359116 0.375691 0.000000 0.265193
TCATG 0.557809 0.286568 0.000000 0.155623
AGGGT 0.300000 0.467857 0.232143 0.000000
GGTTC 0.171863 0.000000 0.194844 0.633293
CGGTT 0.070312 0.914062 0.015625 0.000000
CCTGT 0.325868 0.438055 0.236077 0.000000
GCTTT 0.113636 0.651515 0.234848 0.000000
CGTGC 0.224215 0.000000 0.130265 0.645520
TGGGG 0.423423 0.450450 0.000000 0.126126
CTTGG 0.384236 0.157635 0.000000 0.458128
GGCCA 0.000000 0.279412 0.455882 0.264706
CCACC 0.229907 0.000000 0.236449 0.533645
CTGGA 0.000000 0.237721 0.579568 0.182711
GCAAT 0.215385 0.476923 0.307692 0.000000
GTGTA 0.000000 0.182456 0.683180 0.134364
GGAAC 0.164062 0.000000 0.273438 0.562500
GTAAG 0.352381 0.409524 0.000000 0.238095
AGGTT 0.132988 0.717401 0.149611 0.000000
ACTGT 0.216216 0.637214 0.146570 0.000000
CATAG 0.719338 0.091610 0.000000 0.189052
CTTTG 0.432796 0.281769 0.000000 0.285435
AGTGC 0.282486 0.000000 0.199859 0.517655
GCGCT 0.160876 0.649859 0.189266 0.000000
AATAG 0.684885 0.120108 0.000000 0.195007
CAGAA 0.000000 0.209443 0.370460 0.420097
CCTTT 0.364706 0.282353 0.352941 0.000000
GGGCC 0.232448 0.000000 0.090133 0.677419
GTGCG 0.594046 0.193800 0.000000 0.212153
CGTTC 0.143403 0.000000 0.350860 0.505736
ACACC 0.284091 0.000000 0.125000 0.590909
ATGGA 0.000000 0.234503 0.451462 0.314035
CGCCA 0.000000 0.309783 0.510870 0.179348
TCTGG 0.491228 0.374269 0.000000 0.134503
AGTTC 0.145233 0.000000 0.264656 0.590110
CCAAT 0.247312 0.365591 0.387097 0.000000
ATTTG 0.289593 0.291855 0.000000 0.418552
CTGTA 0.000000 0.138498 0.730927 0.130575
CGAAC 0.341591 0.000000 0.177296 0.481113
CTAAG 0.599723 0.118652 0.000000 0.281625
AAGAA 0.000000 0.224359 0.516026 0.259615
ACTTT 0.171795 0.532051 0.296154 0.000000
CCGCT 0.242798 0.563786 0.193416 0.000000
AGCCA 0.000000 0.165289 0.586777 0.247934
TCGGA 0.000000 0.504950 0.297030 0.198020
GGGAT 0.266194 0.539474 0.194332 0.000000
CTGCG 0.743265 0.080824 0.000000 0.175911
ACAAT 0.318919 0.517568 0.163514 0.000000
ATGTA 0.000000 0.228842 0.621461 0.149697
TCTTG 0.409574 0.271277 0.000000 0.319149
AGAAC 0.318605 0.000000 0.187597 0.493798
GCAGG 0.518519 0.111111 0.000000 0.370370
ATAAG 0.568644 0.203341 0.000000 0.228016
ACCAG 0.533654 0.207933 0.000000 0.258413
TCGTA 0.000000 0.200591 0.674550 0.124859
TGACA 0.000000 0.096072 0.748938 0.154989
ACGCT 0.095449 0.800885 0.103666 0.000000
TCAAG 0.685351 0.136024 0.000000 0.178625
AGGCC 0.224629 0.000000 0.166460 0.608911
ATGCG 0.582606 0.164049 0.000000 0.253345
GACCT 0.250536 0.596030 0.153433 0.000000
CGGAT 0.194086 0.555376 0.250538 0.000000
GCTAT 0.407718 0.381711 0.210570 0.000000
TCGCG 0.533099 0.198592 0.000000 0.268310
TTCCT 0.229858 0.412322 0.357820 0.000000
CCAGG 0.455253 0.342412 0.000000 0.202335
GCATG 0.659399 0.205636 0.000000 0.134965
GTGAA 0.000000 0.224771 0.396789 0.378440
AGGAT 0.176737 0.527190 0.296073 0.000000
ACTCC 0.305930 0.000000 0.167116 0.526954
TACGA 0.000000 0.110195 0.646215 0.243590
ACAGG 0.610473 0.117224 0.000000 0.272304
CCTAT 0.330059 0.416503 0.253438 0.000000
CGTAC 0.418993 0.000000 0.136189 0.444819
TGGAG 0.453901 0.269504 0.000000 0.276596
CTTAG 0.604000 0.172000 0.000000 0.224000
CCATG 0.660880 0.186343 0.000000 0.152778
CACCT 0.204082 0.474490 0.321429 0.000000
CTGAA 0.000000 0.307292 0.281250 0.411458
TACTA 0.000000 0.184770 0.616293 0.198937
AACCT 0.113924 0.770042 0.116034 0.000000
TGTCA 0.000000 0.172233 0.451744 0.376023
ACTAT 0.250000 0.534296 0.215704 0.000000
TAGGC 0.246050 0.000000 0.291196 0.462754
CGGGG 0.510309 0.350515 0.000000 0.139175
GGGTG 0.566210 0.232877 0.000000 0.200913
AGTAC 0.376977 0.000000 0.129032 0.493991
GCTGG 0.503145 0.169811 0.000000 0.327044
ATTAG 0.495283 0.259434 0.000000 0.245283
ACATG 0.590815 0.225963 0.000000 0.183222
GCGGA 0.000000 0.217391 0.270186 0.512422
ATGAA 0.000000 0.244546 0.379715 0.375739
TCTAG 0.591606 0.159705 0.000000 0.248688
TAACT 0.209184 0.607143 0.183673 0.000000
TAGTC 0.160468 0.000000 0.242389 0.597144
TACCG 0.767841 0.115027 0.000000 0.117132
GGACA 0.000000 0.187107 0.599021 0.213872
CGGTG 0.607143 0.119048 0.000000 0.273810
CCTGG 0.505128 0.348718 0.000000 0.146154
GCTTG 0.457547 0.226415 0.000000 0.316038
TGCGT 0.171249 0.597365 0.231386 0.000000
TCGAA 0.000000 0.230195 0.501515 0.268290
GCGTA 0.000000 0.202429 0.705803 0.091768
GCAAG 0.541251 0.237691 0.000000 0.221058
AGGTG 0.293333 0.206667 0.000000 0.500000
ACTGG 0.506530 0.277052 0.000000 0.216418
CCGGA 0.000000 0.484848 0.303030 0.212121
GCGCG 0.545951 0.209637 0.000000 0.244411
ACGGA 0.000000 0.268753 0.383966 0.347281
CCTTG 0.236287 0.434599 0.000000 0.329114
GTCCT 0.409153 0.394126 0.196721 0.000000
TGCTT 0.238854 0.337580 0.423567 0.000000
CCGTA 0.000000 0.175691 0.638128 0.186181
CGACA 0.000000 0.137159 0.697895 0.164946
CCAAG 0.463333 0.193333 0.000000 0.343333
TTCGA 0.000000 0.117604 0.659197 0.223199
AGACA 0.000000 0.172522 0.651174 0.176304
ACTTG 0.378505 0.462617 0.000000 0.158879
GACGA 0.000000 0.104911 0.652508 0.242581
CCGCG 0.569892 0.220430 0.000000 0.209677
ACGTA 0.000000 0.221220 0.647644 0.131135
CTCCT 0.282297 0.468900 0.248804 0.000000
TATCT 0.192431 0.677629 0.129940 0.000000
TACAA 0.000000 0.414769 0.378537 0.206694
ACAAG 0.543353 0.205780 0.000000 0.250867
GACTA 0.000000 0.189286 0.578938 0.231777
TTGGC 0.380734 0.000000 0.366972 0.252294
ACGCG 0.554376 0.176494 0.000000 0.269130
TTCTA 0.000000 0.131010 0.705529 0.163462
ATCCT 0.258947 0.504211 0.236842 0.000000
CACGA 0.000000 0.152907 0.501332 0.345761
GACCG 0.715944 0.123839 0.000000 0.160217
TTACT 0.409302 0.306977 0.283721 0.000000
TAGAC 0.202946 0.000000 0.187447 0.609607
GCTAG 0.605859 0.171771 0.000000 0.222370
GAACT 0.189394 0.715152 0.095455 0.000000
TGCCC 0.202366 0.000000 0.204442 0.593192
GAGTC 0.163285 0.000000 0.278705 0.558010
TTGTC 0.289593 0.000000 0.371041 0.339367
CGGAG 0.560510 0.156051 0.000000 0.283439
AACGA 0.000000 0.054908 0.847425 0.097668
CAGGC 0.264178 0.000000 0.254630 0.481192
TAAGA 0.000000 0.230745 0.429725 0.339529
CACTA 0.000000 0.226051 0.601711 0.172238
GGCGT 0.082090 0.753731 0.164179 0.000000
GCGAA 0.000000 0.257846 0.472858 0.269296
CGTCA 0.000000 0.172955 0.589485 0.237560
AACTA 0.000000 0.337662 0.428571 0.233766
CCTAG 0.540767 0.225420 0.000000 0.233813
CAACT 0.305128 0.611966 0.082906 0.000000
TGCAT 0.147984 0.624858 0.227159 0.000000
AGTCA 0.000000 0.170401 0.611605 0.217994
AAGGC 0.260329 0.000000 0.189124 0.550548
CACCG 0.681293 0.176674 0.000000 0.142032
CAGTC 0.119665 0.000000 0.191449 0.688886
AACCG 0.667927 0.194024 0.000000 0.138048
ACTAG 0.659617 0.165736 0.000000 0.174648
CGCGT 0.215401 0.561394 0.223205 0.000000
CCGAA 0.000000 0.263362 0.473275 0.263362
AAGTC 0.147651 0.000000 0.197987 0.654362
TAACG 0.478448 0.228448 0.000000 0.293103
GTCGA 0.000000 0.093800 0.673058 0.233142
AGCGT 0.271108 0.479892 0.249000 0.000000
ACGAA 0.000000 0.152480 0.552745 0.294775
TTCAA 0.000000 0.213147 0.595618 0.191235
GATCT 0.226606 0.689297 0.084098 0.000000
CGCTT 0.365854 0.247967 0.386179 0.000000
GACAA 0.000000 0.196329 0.557993 0.245678
TGCGG 0.483974 0.157051 0.000000 0.358974
TGAGT 0.219535 0.503245 0.277219 0.000000
CTCGA 0.000000 0.120945 0.658708 0.220347
TATGA 0.000000 0.115474 0.710297 0.174229
GTCTA 0.000000 0.138028 0.754043 0.107929
TTGAC 0.215596 0.000000 0.229358 0.555046
AGCTT 0.308532 0.376984 0.314484 0.000000
GAGAC 0.211585 0.000000 0.185366 0.603049
GTACT 0.199609 0.693738 0.106654 0.000000
CATCT 0.212687 0.574625 0.212687 0.000000
TGATT 0.060606 0.757576 0.181818 0.000000
GCCCT 0.124519 0.689987 0.185494 0.000000
CACAA 0.000000 0.333333 0.559140 0.107527
TGCTG 0.618595 0.175302 0.000000 0.206102
ATCGA 0.000000 0.108029 0.631012 0.260960
CTGGC 0.335404 0.000000 0.254658 0.409938
GTGTC 0.181126 0.000000 0.229516 0.589358
CTCTA 0.000000 0.134886 0.752229 0.112885
TATTA 0.000000 0.323529 0.285294 0.391176
AACAA 0.000000 0.174037 0.635162 0.190801
CAGAC 0.205487 0.000000 0.154808 0.639706
TTAGA 0.000000 0.052632 0.836257 0.111111
TAAAA 0.000000 0.447471 0.377432 0.175097
TCCGA 0.000000 0.102041 0.700680 0.197279
CGCCC 0.080402 0.000000 0.211055 0.708543
GGCAT 0.150685 0.616438 0.232877 0.000000
CTCCG 0.602662 0.134981 0.000000 0.262357
TATCG 0.659235 0.171208 0.000000 0.169557
ATCTA 0.000000 0.174168 0.688901 0.136931
CTACT 0.191685 0.667403 0.140912 0.000000
CTGTC 0.164386 0.000000 0.173147 0.662466
CCCCT 0.205298 0.407285 0.387417 0.000000
TAGCA 0.000000 0.120892 0.684272 0.194836
TTATA 0.000000 0.203704 0.694444 0.101852
