CTGT 0.310757 0.463545 0.225698 0.000000
CTCT 0.283615 0.494777 0.221609 0.000000
ACAC 0.232809 0.000000 0.174606 0.592585
GGGC 0.298126 0.000000 0.211306 0.490568
GGCC 0.215283 0.000000 0.132086 0.652631
AGTG 0.614730 0.174015 0.000000 0.211255
ATGG 0.559420 0.259420 0.000000 0.181159
CGAC 0.179099 0.000000 0.149310 0.671591
ACTA 0.000000 0.197948 0.600851 0.201202
GGTT 0.123860 0.742296 0.133844 0.000000
GTGT 0.250826 0.488758 0.260416 0.000000
GTCT 0.181681 0.724645 0.093674 0.000000
CCTG 0.489686 0.302651 0.000000 0.207663
TAAC 0.318132 0.000000 0.119978 0.561889
TTTC 0.226984 0.000000 0.271429 0.501587
CTAC 0.267960 0.000000 0.205122 0.526918
TGAG 0.503645 0.155569 0.000000 0.340786
ACGC 0.147284 0.000000 0.163405 0.689311
ACCC 0.127352 0.000000 0.131693 0.740955
GGAC 0.217232 0.000000 0.146588 0.636180
TATA 0.000000 0.165157 0.717775 0.117068
CGCC 0.208599 0.000000 0.177662 0.613740
CTTA 0.000000 0.231858 0.531858 0.236283
ACTT 0.241898 0.500000 0.258102 0.000000
AACG 0.697229 0.151355 0.000000 0.151416
TACC 0.224849 0.000000 0.182341 0.592810
GTAC 0.358139 0.000000 0.121410 0.520451
TAGC 0.223492 0.000000 0.224719 0.551789
CGTC 0.151933 0.000000 0.222200 0.625867
GAAA 0.000000 0.156250 0.665625 0.178125
CTCC 0.331680 0.000000 0.164683 0.503638
CTGC 0.223399 0.000000 0.213978 0.562623
TGGG 0.503682 0.240427 0.000000 0.255891
TGCG 0.642722 0.150800 0.000000 0.206478
GTTA 0.000000 0.097166 0.712551 0.190283
TATT 0.200528 0.360158 0.439314 0.000000
CAAT 0.274483 0.463908 0.261609 0.000000
CACA 0.000000 0.227000 0.542228 0.230772
CAGA 0.000000 0.177012 0.560536 0.262451
TCCA 0.000000 0.364754 0.413934 0.221311
TCGA 0.000000 0.107217 0.654518 0.238265
TCAT 0.225031 0.542644 0.232325 0.000000
CTTT 0.226000 0.483604 0.290396 0.000000
AAAG 0.656250 0.100000 0.000000 0.243750
GGTC 0.212602 0.000000 0.255411 0.531987
GTCC 0.174925 0.000000 0.213575 0.611501
GTGC 0.256639 0.000000 0.173087 0.570273
GAAT 0.206197 0.617661 0.176142 0.000000
GAGA 0.000000 0.240861 0.475167 0.283973
GACA 0.000000 0.134736 0.700885 0.164379
CAAA 0.000000 0.220107 0.649585 0.130308
GTTT 0.217004 0.362492 0.420503 0.000000
CACT 0.191471 0.689555 0.118974 0.000000
CAGT 0.181676 0.657604 0.160719 0.000000
TCAA 0.000000 0.168728 0.658791 0.172481
TCCT 0.320023 0.476849 0.203129 0.000000
TCGT 0.262572 0.518359 0.219069 0.000000
AAGG 0.485440 0.255935 0.000000 0.258625
ACTC 0.224770 0.000000 0.229716 0.545514
TTAG 0.500000 0.251661 0.000000 0.248339
GAGT 0.217912 0.485525 0.296563 0.000000
GACT 0.142615 0.753992 0.103392 0.000000
AATG 0.620850 0.237799 0.000000 0.141351
TATC 0.201409 0.000000 0.191129 0.607462
CTTC 0.198919 0.000000 0.306974 0.494106
TGTG 0.585292 0.206906 0.000000 0.207802
TTCG 0.630444 0.175193 0.000000 0.194363
CATA 0.000000 0.222664 0.622156 0.155180
TTGG 0.446640 0.138340 0.000000 0.415020
TCTA 0.000000 0.145735 0.734244 0.120021
GAAC 0.316218 0.000000 0.164189 0.519593
CAGC 0.246759 0.000000 0.195175 0.558065
CACC 0.202986 0.000000 0.237086 0.559927
GTTC 0.141587 0.000000 0.222417 0.635996
TCCC 0.280224 0.000000 0.244403 0.475373
GATA 0.000000 0.125469 0.784935 0.089595
TCGC 0.174134 0.000000 0.176911 0.648955
CATT 0.155438 0.558920 0.285642 0.000000
TCTT 0.249868 0.473629 0.276503 0.000000
GACC 0.196874 0.000000 0.170486 0.632641
GAGC 0.328360 0.000000 0.223006 0.448634
CAAC 0.278699 0.000000 0.354882 0.366419
ACAG 0.709933 0.106273 0.000000 0.183795
GGGG 0.463942 0.403846 0.000000 0.132212
GGCG 0.573895 0.194858 0.000000 0.231247
AGAA 0.000000 0.219477 0.474134 0.306390
GATT 0.229003 0.625328 0.145669 0.000000
TCAC 0.206255 0.000000 0.339593 0.454152
CGAG 0.467265 0.212435 0.000000 0.320300
GCCA 0.000000 0.271475 0.522409 0.206116
CCAA 0.000000 0.276131 0.533151 0.190718
TAAG 0.604067 0.179444 0.000000 0.216489
TTTG 0.384747 0.263062 0.000000 0.352191
CTAG 0.619768 0.160720 0.000000 0.219512
ACCG 0.709974 0.152185 0.000000 0.137842
ACGG 0.507248 0.249045 0.000000 0.243707
GGAG 0.522947 0.176329 0.000000 0.300725
AGGA 0.000000 0.258005 0.363220 0.378775
AGCA 0.000000 0.126190 0.641422 0.232387
AGAT 0.195633 0.540744 0.263623 0.000000
CGGG 0.474843 0.262087 0.000000 0.263070
CGCG 0.544999 0.193082 0.000000 0.261919
GCAA 0.000000 0.245474 0.566521 0.188005
GCCT 0.185511 0.626703 0.187786 0.000000
CATC 0.224400 0.000000 0.259571 0.516029
CCAT 0.208299 0.537755 0.253946 0.000000
CCGA 0.000000 0.144270 0.641545 0.214185
CCCA 0.000000 0.370743 0.490229 0.139028
TAGG 0.554405 0.213624 0.000000 0.231971
GTAG 0.684967 0.095449 0.000000 0.219584
TCTC 0.253539 0.000000 0.335239 0.411222
TACG 0.613433 0.184014 0.000000 0.202554
ATCA 0.000000 0.191669 0.604088 0.204243
CGTG 0.573831 0.185465 0.000000 0.240704
CTGG 0.515607 0.286955 0.000000 0.197438
CTCG 0.637408 0.172554 0.000000 0.190038
AGCT 0.193525 0.608621 0.197854 0.000000
AGGT 0.397842 0.330693 0.271465 0.000000
GATC 0.181776 0.000000 0.240152 0.578072
GCGA 0.000000 0.141796 0.588980 0.269224
GCAT 0.147292 0.623331 0.229377 0.000000
GGTG 0.483444 0.203091 0.000000 0.313466
CCGT 0.184093 0.573241 0.242665 0.000000
CCCT 0.151526 0.630195 0.218280 0.000000
GTGG 0.534338 0.210846 0.000000 0.254816
GTCG 0.656859 0.137959 0.000000 0.205182
ATAA 0.000000 0.217780 0.482240 0.299980
ATCT 0.205819 0.648348 0.145833 0.000000
GCTA 0.000000 0.131674 0.697190 0.171136
CCTT 0.210133 0.420355 0.369512 0.000000
AGAC 0.193517 0.000000 0.165977 0.640506
GCGT 0.219089 0.550528 0.230384 0.000000
GCCC 0.182336 0.000000 0.200677 0.616987
ACTG 0.507131 0.255885 0.000000 0.236985
AGTA 0.000000 0.146489 0.702706 0.150804
CCAC 0.362552 0.000000 0.297257 0.340191
ATGA 0.000000 0.167424 0.623234 0.209342
ATAT 0.296178 0.398156 0.305666 0.000000
GCTT 0.318947 0.341326 0.339727 0.000000
CCTA 0.000000 0.253103 0.570790 0.176107
TATG 0.596438 0.261563 0.000000 0.141999
AGCC 0.256410 0.000000 0.181090 0.562500
AGGC 0.258759 0.000000 0.227488 0.513754
ATTA 0.000000 0.189441 0.578157 0.232402
TCAG 0.668652 0.119857 0.000000 0.211490
CTTG 0.373522 0.342908 0.000000 0.283570
GCAC 0.263838 0.000000 0.171032 0.565129
TGAA 0.000000 0.253685 0.384207 0.362108
AGTT 0.173581 0.581950 0.244468 0.000000
CCGC 0.263305 0.000000 0.140056 0.596639
CCCC 0.375570 0.000000 0.231809 0.392621
ATGT 0.222513 0.537944 0.239543 0.000000
ATCC 0.340070 0.000000 0.217331 0.442599
GAAG 0.637127 0.147388 0.000000 0.215485
AACA 0.000000 0.189243 0.602383 0.208374
GTTG 0.352273 0.250000 0.000000 0.397727
CAGG 0.570138 0.156602 0.000000 0.273260
CACG 0.486493 0.300409 0.000000 0.213098
ATTT 0.223926 0.338446 0.437628 0.000000
TCCG 0.681492 0.108287 0.000000 0.210221
TCGG 0.399289 0.376777 0.000000 0.223934
GCGC 0.205373 0.000000 0.218601 0.576026
TGGA 0.000000 0.239328 0.515386 0.245286
TGCA 0.000000 0.190706 0.647943 0.161351
TGAT 0.197529 0.542155 0.260317 0.000000
ATAC 0.280450 0.000000 0.172497 0.547053
GAGG 0.405063 0.126582 0.000000 0.468354
GCTC 0.191590 0.000000 0.181979 0.626431
GACG 0.612748 0.151565 0.000000 0.235687
AACT 0.252825 0.651379 0.095796 0.000000
AAAA 0.000000 0.381933 0.315159 0.302908
CAAG 0.573456 0.188846 0.000000 0.237698
TGGT 0.257937 0.436508 0.305556 0.000000
TGCT 0.203200 0.630161 0.166638 0.000000
AGTC 0.140025 0.000000 0.227075 0.632900
ATGC 0.207724 0.000000 0.218632 0.573644
AAGA 0.000000 0.220949 0.471689 0.307362
AAAT 0.306723 0.399160 0.294118 0.000000
TTAA 0.000000 0.414798 0.340807 0.244395
CCTC 0.217862 0.000000 0.328237 0.453901
ATTC 0.139694 0.000000 0.230562 0.629743
AATA 0.000000 0.204624 0.642890 0.152486
TGAC 0.204217 0.000000 0.133603 0.662179
CATG 0.624618 0.227341 0.000000 0.148040
TCTG 0.482773 0.352878 0.000000 0.164349
TGTA 0.000000 0.197725 0.669832 0.132443
AAGT 0.193918 0.564224 0.241858 0.000000
AACC 0.237976 0.000000 0.166615 0.595408
TTGA 0.000000 0.344203 0.322464 0.333333
TTAT 0.225434 0.547688 0.226879 0.000000
TTCA 0.000000 0.236840 0.422173 0.340987
GATG 0.690835 0.156407 0.000000 0.152758
AATT 0.233202 0.602767 0.164032 0.000000
TGGC 0.356394 0.000000 0.288260 0.355346
TGCC 0.243215 0.000000 0.127294 0.629491
TGTT 0.270143 0.396523 0.333333 0.000000
AAAC 0.344569 0.000000 0.167098 0.488334
TTCT 0.209263 0.518932 0.271805 0.000000
TTGT 0.201314 0.546097 0.252589 0.000000
AGAG 0.640581 0.137089 0.000000 0.222331
GCCG 0.728659 0.099252 0.000000 0.172089
ACAA 0.000000 0.238780 0.581576 0.179644
GGCA 0.000000 0.186798 0.675584 0.137618
GGGA 0.000000 0.359152 0.287476 0.353372
CCAG 0.515337 0.199387 0.000000 0.285276
CGAA 0.000000 0.213904 0.525456 0.260640
AAGC 0.223368 0.000000 0.262887 0.513746
TTAC 0.178752 0.000000 0.305228 0.516020
TAAA 0.000000 0.322180 0.490440 0.187380
AGGG 0.475751 0.309267 0.000000 0.214982
AGCG 0.535356 0.183674 0.000000 0.280970
CTAA 0.000000 0.279630 0.434630 0.285741
TTTA 0.000000 0.335286 0.434787 0.229926
AATC 0.268868 0.000000 0.303852 0.427280
GCAG 0.698099 0.117087 0.000000 0.184814
ACCA 0.000000 0.184911 0.576509 0.238580
ACGA 0.000000 0.107873 0.647333 0.244794
ACAT 0.164926 0.624297 0.210777 0.000000
GGAA 0.000000 0.201581 0.472332 0.326087
GGCT 0.231660 0.554054 0.214286 0.000000
GGGT 0.280941 0.423267 0.295792 0.000000
CCGG 0.573300 0.245546 0.000000 0.181154
CCCG 0.582305 0.230453 0.000000 0.187243
CGGA 0.000000 0.293337 0.356049 0.350614
CGAT 0.125545 0.651207 0.223248 0.000000
CGCA 0.000000 0.196147 0.572901 0.230952
ATCG 0.715491 0.141321 0.000000 0.143187
TGTC 0.176765 0.000000 0.200941 0.622294
TTCC 0.302485 0.000000 0.245501 0.452014
TTGC 0.141595 0.000000 0.339449 0.518956
GTAA 0.000000 0.359780 0.454977 0.185243
TAAT 0.226115 0.585987 0.187898 0.000000
TAGA 0.000000 0.150567 0.647062 0.202371
TACA 0.000000 0.176400 0.595902 0.227698
CGTA 0.000000 0.204104 0.668189 0.127707
TTTT 0.197410 0.424792 0.377798 0.000000
CTGA 0.000000 0.166211 0.649968 0.183821
CTAT 0.318071 0.466600 0.215329 0.000000
CTCA 0.000000 0.212550 0.559185 0.228264
GCGG 0.448461 0.159973 0.000000 0.391566
ACCT 0.186384 0.637003 0.176614 0.000000
ACGT 0.171192 0.601247 0.227561 0.000000
GGAT 0.221665 0.551838 0.226497 0.000000
CGGT 0.255673 0.515129 0.229198 0.000000
CGCT 0.145519 0.707005 0.147476 0.000000
ATAG 0.711790 0.090586 0.000000 0.197624
GCTG 0.574078 0.180891 0.000000 0.245031
GGTA 0.000000 0.258786 0.632588 0.108626
TAGT 0.243692 0.551487 0.204821 0.000000
GTGA 0.000000 0.133468 0.646834 0.219698
GTAT 0.216269 0.436411 0.347320 0.000000
TACT 0.204923 0.658387 0.136690 0.000000
GTCA 0.000000 0.167326 0.553131 0.279543
CGTT 0.192560 0.526786 0.280655 0.000000
