TTGA 0.000000 0.865854 0.000000 0.865854 0.134146
CTAG 0.000000 0.547984 0.000000 0.547984 0.452016
TTTT 0.000000 0.980289 0.000000 0.980289 0.019711
CTCA 0.000000 0.555023 0.000000 0.555023 0.444977
TGTC 0.000000 0.643107 0.000000 0.643107 0.356893
TTGC 0.000000 0.848375 0.000000 0.848375 0.151625
TGAG 0.000000 0.520049 0.000000 0.520049 0.479951
CTCC 0.000000 0.788868 0.000000 0.788868 0.211132
CTTG 0.000000 0.487404 0.000000 0.487404 0.512596
TGCA 0.000000 0.702577 0.000000 0.702577 0.297423
TTCT 0.000000 0.846154 0.000000 0.846154 0.153846
TGCC 0.000000 0.747696 0.000000 0.747696 0.252304
TGTG 0.000000 0.759341 0.000000 0.759341 0.240659
TTGG 0.000000 0.928036 0.000000 0.928036 0.071964
CTCG 0.000000 0.471219 0.000000 0.471219 0.528781
TGCG 0.000000 0.791770 0.000000 0.791770 0.208230
CAGT 0.000000 0.571543 0.000000 0.571543 0.428457
CGAA 0.000000 0.856190 0.000000 0.856190 0.143810
TCAA 0.000000 0.878881 0.000000 0.878881 0.121119
AAAA 0.000000 0.955685 0.000000 0.955685 0.044315
CTAT 0.000000 0.727602 0.000000 0.727602 0.272398
CGAC 0.000000 0.871132 0.000000 0.871132 0.128868
TCAC 0.000000 0.525761 0.000000 0.525761 0.474239
AAAC 0.000000 0.484374 0.000000 0.484374 0.515626
CGTA 0.000000 0.655126 0.000000 0.655126 0.344874
TCTA 0.000000 0.565107 0.000000 0.565107 0.434893
AATA 0.000000 0.814981 0.000000 0.814981 0.185019
CTGA 0.000000 0.569953 0.000000 0.569953 0.430047
TGAT 0.000000 0.807706 0.000000 0.807706 0.192294
CTTT 0.000000 0.776688 0.000000 0.776688 0.223312
CGTC 0.000000 0.850357 0.000000 0.850357 0.149643
TCTC 0.000000 0.831149 0.000000 0.831149 0.168851
AATC 0.000000 0.755639 0.000000 0.755639 0.244361
TGGA 0.000000 0.319807 0.000000 0.319807 0.680193
TCAG 0.000000 0.409011 0.000000 0.409011 0.590989
CTGC 0.000000 0.736937 0.000000 0.736937 0.263063
CGAG 0.000000 0.645794 0.000000 0.645794 0.354206
AAAG 0.000000 0.620968 0.000000 0.620968 0.379032
TGTT 0.000000 0.859671 0.000000 0.859671 0.140329
TCCA 0.000000 0.571831 0.000000 0.571831 0.428169
CGCA 0.000000 0.437422 0.000000 0.437422 0.562578
AACA 0.000000 0.895626 0.000000 0.895626 0.104374
TTGT 0.000000 0.860759 0.000000 0.860759 0.139241
TGGC 0.000000 0.835451 0.000000 0.835451 0.164549
CGCC 0.000000 0.698884 0.000000 0.698884 0.301116
TCCC 0.000000 0.773056 0.000000 0.773056 0.226944
CTCT 0.000000 0.635526 0.000000 0.635526 0.364474
CGTG 0.000000 0.747268 0.000000 0.747268 0.252732
TCTG 0.000000 0.498696 0.000000 0.498696 0.501304
AACC 0.000000 0.910669 0.000000 0.910669 0.089331
AATG 0.000000 0.712747 0.000000 0.712747 0.287253
CTGG 0.000000 0.874543 0.000000 0.874543 0.125457
TGCT 0.000000 0.667430 0.000000 0.667430 0.332570
TGGG 0.000000 0.820408 0.000000 0.820408 0.179592
TCCG 0.000000 0.351332 0.000000 0.351332 0.648668
CGCG 0.000000 0.882025 0.000000 0.882025 0.117975
AACG 0.000000 0.631564 0.000000 0.631564 0.368436
CCAA 0.000000 0.943313 0.000000 0.943313 0.056687
CCAC 0.000000 0.844947 0.000000 0.844947 0.155053
GAAA 0.000000 0.928875 0.000000 0.928875 0.071125
CCTA 0.000000 0.496840 0.000000 0.496840 0.503160
CGAT 0.000000 0.645357 0.000000 0.645357 0.354643
TCAT 0.000000 0.786300 0.000000 0.786300 0.213700
GAAC 0.000000 0.748872 0.000000 0.748872 0.251128
AAAT 0.000000 0.184035 0.000000 0.184035 0.815965
CCTC 0.000000 0.724043 0.000000 0.724043 0.275957
CGGA 0.000000 0.304256 0.000000 0.304256 0.695744
CCAG 0.000000 0.728171 0.000000 0.728171 0.271829
TCGA 0.000000 0.602894 0.000000 0.602894 0.397106
GATA 0.000000 0.801576 0.000000 0.801576 0.198424
AAGA 0.000000 0.680762 0.000000 0.680762 0.319238
CGTT 0.000000 0.772206 0.000000 0.772206 0.227794
CCCA 0.000000 0.112903 0.000000 0.112903 0.887097
TCTT 0.000000 0.739367 0.000000 0.739367 0.260633
AATT 0.000000 0.930990 0.000000 0.930990 0.069010
TCGC 0.000000 0.835953 0.000000 0.835953 0.164047
CTGT 0.000000 0.719262 0.000000 0.719262 0.280738
GATC 0.000000 0.675108 0.000000 0.675108 0.324892
GAAG 0.000000 0.846713 0.000000 0.846713 0.153287
AAGC 0.000000 0.749623 0.000000 0.749623 0.250377
CCCC 0.000000 0.946721 0.000000 0.946721 0.053279
CCTG 0.000000 0.421067 0.000000 0.421067 0.578933
TGGT 0.000000 0.729323 0.000000 0.729323 0.270677
ATAA 0.000000 0.583264 0.000000 0.583264 0.416736
GACA 0.000000 0.811537 0.000000 0.811537 0.188463
TCCT 0.000000 0.433595 0.000000 0.433595 0.566405
CGCT 0.000000 0.525746 0.000000 0.525746 0.474254
AACT 0.000000 0.823358 0.000000 0.823358 0.176642
CGGG 0.000000 0.946770 0.000000 0.946770 0.053230
GACC 0.000000 0.822891 0.000000 0.822891 0.177109
TCGG 0.000000 0.634361 0.000000 0.634361 0.365639
ATAC 0.000000 0.557480 0.000000 0.557480 0.442520
GATG 0.000000 0.840513 0.000000 0.840513 0.159487
AAGG 0.000000 0.745743 0.000000 0.745743 0.254257
ATTA 0.000000 0.762457 0.000000 0.762457 0.237543
CCCG 0.000000 0.220779 0.000000 0.220779 0.779221
ATTC 0.000000 0.634182 0.000000 0.634182 0.365818
GACG 0.000000 0.865141 0.000000 0.865141 0.134859
ATAG 0.000000 0.402381 0.000000 0.402381 0.597619
ATCA 0.000000 0.807189 0.000000 0.807189 0.192811
ATCC 0.000000 0.676806 0.000000 0.676806 0.323194
CCAT 0.000000 0.734355 0.000000 0.734355 0.265645
CCGA 0.000000 0.403284 0.000000 0.403284 0.596716
GAAT 0.000000 0.578876 0.000000 0.578876 0.421124
CCTT 0.000000 0.372167 0.000000 0.372167 0.627833
CCGC 0.000000 0.750996 0.000000 0.750996 0.249004
ATCG 0.000000 0.815502 0.000000 0.815502 0.184498
GAGA 0.000000 0.574185 0.000000 0.574185 0.425815
GATT 0.000000 0.869732 0.000000 0.869732 0.130268
CGGT 0.000000 0.521286 0.000000 0.521286 0.478714
TCGT 0.000000 0.875127 0.000000 0.875127 0.124873
AAGT 0.000000 0.765372 0.000000 0.765372 0.234628
CCCT 0.000000 0.308258 0.000000 0.308258 0.691742
GAGC 0.000000 0.654888 0.000000 0.654888 0.345112
AGAA 0.000000 0.723991 0.000000 0.723991 0.276009
GTAA 0.000000 0.858145 0.000000 0.858145 0.141855
CCGG 0.000000 0.751488 0.000000 0.751488 0.248512
ATAT 0.000000 0.884689 0.000000 0.884689 0.115311
GACT 0.000000 0.562008 0.000000 0.562008 0.437992
AGAC 0.000000 0.681059 0.000000 0.681059 0.318941
GTAC 0.000000 0.588480 0.000000 0.588480 0.411520
GAGG 0.000000 0.840708 0.000000 0.840708 0.159292
GTTA 0.000000 0.849138 0.000000 0.849138 0.150862
AGTA 0.000000 0.855814 0.000000 0.855814 0.144186
ATGA 0.000000 0.696744 0.000000 0.696744 0.303256
ATTT 0.000000 0.957526 0.000000 0.957526 0.042474
GTTC 0.000000 0.692468 0.000000 0.692468 0.307532
AGTC 0.000000 0.723017 0.000000 0.723017 0.276983
AGAG 0.000000 0.432263 0.000000 0.432263 0.567737
ATGC 0.000000 0.727863 0.000000 0.727863 0.272137
GTAG 0.000000 0.541310 0.000000 0.541310 0.458690
AGCA 0.000000 0.779197 0.000000 0.779197 0.220803
GTCA 0.000000 0.874155 0.000000 0.874155 0.125845
GTTG 0.000000 0.800487 0.000000 0.800487 0.199513
AGCC 0.000000 0.741015 0.000000 0.741015 0.258985
GTCC 0.000000 0.817482 0.000000 0.817482 0.182518
AGTG 0.000000 0.765385 0.000000 0.765385 0.234615
ATCT 0.000000 0.721789 0.000000 0.721789 0.278211
ATGG 0.000000 0.875362 0.000000 0.875362 0.124638
CCGT 0.000000 0.750394 0.000000 0.750394 0.249606
GTCG 0.000000 0.792115 0.000000 0.792115 0.207885
AGCG 0.000000 0.732699 0.000000 0.732699 0.267301
ACAA 0.000000 0.918138 0.000000 0.918138 0.081862
GAGT 0.000000 0.596382 0.000000 0.596382 0.403618
GGAA 0.000000 0.888508 0.000000 0.888508 0.111492
ACAC 0.000000 0.799513 0.000000 0.799513 0.200487
ACTA 0.000000 0.723536 0.000000 0.723536 0.276464
GGAC 0.000000 0.792646 0.000000 0.792646 0.207354
GTAT 0.000000 0.836883 0.000000 0.836883 0.163117
AGAT 0.000000 0.505939 0.000000 0.505939 0.494061
GGTA 0.000000 0.597826 0.000000 0.597826 0.402174
ACTC 0.000000 0.528368 0.000000 0.528368 0.471632
AGGA 0.000000 0.291744 0.000000 0.291744 0.708256
ACAG 0.000000 0.458919 0.000000 0.458919 0.541081
GTGA 0.000000 0.345333 0.000000 0.345333 0.654667
GGTC 0.000000 0.831718 0.000000 0.831718 0.168282
GTTT 0.000000 0.928241 0.000000 0.928241 0.071759
AGTT 0.000000 0.747191 0.000000 0.747191 0.252809
ACCA 0.000000 0.590167 0.000000 0.590167 0.409833
AGGC 0.000000 0.641248 0.000000 0.641248 0.358752
GGAG 0.000000 0.461140 0.000000 0.461140 0.538860
GTGC 0.000000 0.533281 0.000000 0.533281 0.466719
ATGT 0.000000 0.840122 0.000000 0.840122 0.159878
GGCA 0.000000 0.853828 0.000000 0.853828 0.146172
ACCC 0.000000 0.891813 0.000000 0.891813 0.108187
ACTG 0.000000 0.540443 0.000000 0.540443 0.459557
GGCC 0.000000 0.848503 0.000000 0.848503 0.151497
GGTG 0.000000 0.843874 0.000000 0.843874 0.156126
AGCT 0.000000 0.523193 0.000000 0.523193 0.476807
GTCT 0.000000 0.724799 0.000000 0.724799 0.275201
AGGG 0.000000 0.937082 0.000000 0.937082 0.062918
GTGG 0.000000 0.613111 0.000000 0.613111 0.386889
ACCG 0.000000 0.488139 0.000000 0.488139 0.511861
TAAA 0.000000 0.799296 0.000000 0.799296 0.200704
GGCG 0.000000 0.836043 0.000000 0.836043 0.163957
TAAC 0.000000 0.823250 0.000000 0.823250 0.176750
GCAA 0.000000 0.849478 0.000000 0.849478 0.150522
TATA 0.000000 0.848738 0.000000 0.848738 0.151262
GCAC 0.000000 0.836256 0.000000 0.836256 0.163744
ACAT 0.000000 0.449500 0.000000 0.449500 0.550500
TATC 0.000000 0.676750 0.000000 0.676750 0.323250
TAAG 0.000000 0.385735 0.000000 0.385735 0.614265
GCTA 0.000000 0.584097 0.000000 0.584097 0.415903
GGAT 0.000000 0.816008 0.000000 0.816008 0.183992
TACA 0.000000 0.826165 0.000000 0.826165 0.173835
ACGA 0.000000 0.692417 0.000000 0.692417 0.307583
ACTT 0.000000 0.847222 0.000000 0.847222 0.152778
GCTC 0.000000 0.581353 0.000000 0.581353 0.418647
ACGC 0.000000 0.814588 0.000000 0.814588 0.185412
TACC 0.000000 0.770878 0.000000 0.770878 0.229122
GGGA 0.000000 0.192996 0.000000 0.192996 0.807004
GCAG 0.000000 0.591489 0.000000 0.591489 0.408511
TATG 0.000000 0.379697 0.000000 0.379697 0.620303
GGTT 0.000000 0.850694 0.000000 0.850694 0.149306
GCCA 0.000000 0.627435 0.000000 0.627435 0.372565
GGGC 0.000000 0.338970 0.000000 0.338970 0.661030
AGGT 0.000000 0.569892 0.000000 0.569892 0.430108
GTGT 0.000000 0.912059 0.000000 0.912059 0.087941
GCCC 0.000000 0.902522 0.000000 0.902522 0.097478
ACCT 0.000000 0.627950 0.000000 0.627950 0.372050
GCTG 0.000000 0.729450 0.000000 0.729450 0.270550
ACGG 0.000000 0.773191 0.000000 0.773191 0.226809
TACG 0.000000 0.492988 0.000000 0.492988 0.507012
GGCT 0.000000 0.458101 0.000000 0.458101 0.541899
CAAA 0.000000 0.871761 0.000000 0.871761 0.128239
GGGG 0.000000 0.936631 0.000000 0.936631 0.063369
GCCG 0.000000 0.487477 0.000000 0.487477 0.512523
CAAC 0.000000 0.801607 0.000000 0.801607 0.198393
CATA 0.000000 0.839837 0.000000 0.839837 0.160163
TAAT 0.000000 0.857430 0.000000 0.857430 0.142570
CATC 0.000000 0.829703 0.000000 0.829703 0.170297
CAAG 0.000000 0.557575 0.000000 0.557575 0.442425
TAGA 0.000000 0.649181 0.000000 0.649181 0.350819
TATT 0.000000 0.790698 0.000000 0.790698 0.209302
CACA 0.000000 0.913946 0.000000 0.913946 0.086054
GCAT 0.000000 0.775489 0.000000 0.775489 0.224511
TAGC 0.000000 0.736468 0.000000 0.736468 0.263532
TTAA 0.000000 0.930368 0.000000 0.930368 0.069632
CACC 0.000000 0.819839 0.000000 0.819839 0.180161
CATG 0.000000 0.733456 0.000000 0.733456 0.266544
GCGA 0.000000 0.604621 0.000000 0.604621 0.395379
GCTT 0.000000 0.817859 0.000000 0.817859 0.182141
TTAC 0.000000 0.806818 0.000000 0.806818 0.193182
ACGT 0.000000 0.598635 0.000000 0.598635 0.401365
GCGC 0.000000 0.895796 0.000000 0.895796 0.104204
TACT 0.000000 0.648200 0.000000 0.648200 0.351800
TTTA 0.000000 0.580289 0.000000 0.580289 0.419711
TAGG 0.000000 0.695207 0.000000 0.695207 0.304793
GGGT 0.000000 0.312921 0.000000 0.312921 0.687079
CACG 0.000000 0.303914 0.000000 0.303914 0.696086
TTTC 0.000000 0.204383 0.000000 0.204383 0.795617
GCCT 0.000000 0.414375 0.000000 0.414375 0.585625
GCGG 0.000000 0.491914 0.000000 0.491914 0.508086
TTAG 0.000000 0.684878 0.000000 0.684878 0.315122
TTCA 0.000000 0.668448 0.000000 0.668448 0.331552
TTCC 0.000000 0.792969 0.000000 0.792969 0.207031
TTTG 0.000000 0.220606 0.000000 0.220606 0.779394
CAAT 0.000000 0.773050 0.000000 0.773050 0.226950
CAGA 0.000000 0.756252 0.000000 0.756252 0.243748
CATT 0.000000 0.930428 0.000000 0.930428 0.069572
TTCG 0.000000 0.326048 0.000000 0.326048 0.673952
CAGC 0.000000 0.860969 0.000000 0.860969 0.139031
CTAA 0.000000 0.850529 0.000000 0.850529 0.149471
TAGT 0.000000 0.832813 0.000000 0.832813 0.167187
TGAA 0.000000 0.778929 0.000000 0.778929 0.221071
CTAC 0.000000 0.689884 0.000000 0.689884 0.310116
CACT 0.000000 0.537661 0.000000 0.537661 0.462339
CAGG 0.000000 0.595815 0.000000 0.595815 0.404185
CTTA 0.000000 0.534873 0.000000 0.534873 0.465127
TTAT 0.000000 0.928090 0.000000 0.928090 0.071910
TGAC 0.000000 0.740162 0.000000 0.740162 0.259838
GCGT 0.000000 0.412374 0.000000 0.412374 0.587626
CTTC 0.000000 0.679107 0.000000 0.679107 0.320893
TGTA 0.000000 0.486288 0.000000 0.486288 0.513712
AVG 0.000000 0.691366 0.000000 0.691366 0.308634
