TA 0.000000 0.165316 0.669451 0.165233
GC 0.225850 0.000000 0.198454 0.575697
CA 0.000000 0.185761 0.573411 0.240829
TT 0.186658 0.545870 0.267472 0.000000
CT 0.223026 0.650881 0.126093 0.000000
TG 0.596812 0.211199 0.000000 0.191989
CG 0.636869 0.163039 0.000000 0.200091
TC 0.192300 0.000000 0.232084 0.575616
AA 0.000000 0.243713 0.546214 0.210073
CC 0.233138 0.000000 0.127786 0.639075
GA 0.000000 0.151988 0.601667 0.246345
AT 0.209316 0.557354 0.233330 0.000000
AG 0.636049 0.125217 0.000000 0.238734
GT 0.243481 0.520709 0.235810 0.000000
AC 0.233495 0.000000 0.188198 0.578308
GG 0.568881 0.198443 0.000000 0.232676
