AA 0.000000 0.760497 0.000000 0.760497 0.239503
AC 0.000000 0.596087 0.000000 0.596087 0.403913
CA 0.000000 0.607420 0.000000 0.607420 0.392580
CC 0.000000 0.807228 0.000000 0.807228 0.192772
AT 0.000000 0.596012 0.000000 0.596012 0.403988
TA 0.000000 0.568394 0.000000 0.568394 0.431606
AG 0.000000 0.467028 0.000000 0.467028 0.532972
GA 0.000000 0.398767 0.000000 0.398767 0.601233
GC 0.000000 0.605927 0.000000 0.605927 0.394073
TC 0.000000 0.600558 0.000000 0.600558 0.399442
CT 0.000000 0.466573 0.000000 0.466573 0.533427
CG 0.000000 0.485113 0.000000 0.485113 0.514887
GG 0.000000 0.686879 0.000000 0.686879 0.313121
TT 0.000000 0.785534 0.000000 0.785534 0.214466
GT 0.000000 0.704793 0.000000 0.704793 0.295207
TG 0.000000 0.580578 0.000000 0.580578 0.419422
AVG 0.000000 0.607337 0.000000 0.607337 0.392663
