GACAGGAC 0.000000 0.737838 0.000000 0.737838 0.262162
CTCACGAT 0.000000 0.720000 0.000000 0.720000 0.280000
GGACCTCG 0.000000 0.406250 0.000000 0.406250 0.593750
GCGGATCA 0.000000 0.666667 0.000000 0.666667 0.333333
CATATACG 0.000000 0.154639 0.000000 0.154639 0.845361
TCACAGCT 0.000000 0.403509 0.000000 0.403509 0.596491
AACCTGCA 0.000000 0.166667 0.000000 0.166667 0.833333
CTTCGCCC 0.000000 0.911504 0.000000 0.911504 0.088496
CAGTGTCA 0.000000 0.541667 0.000000 0.541667 0.458333
GCTACCTT 0.000000 0.584507 0.000000 0.584507 0.415493
GTACGAAT 0.000000 0.307692 0.000000 0.307692 0.692308
GCCTATAG 0.000000 0.602787 0.000000 0.602787 0.397213
AATCATTC 0.000000 0.266667 0.000000 0.266667 0.733333
TTTTCCCA 0.000000 0.131206 0.000000 0.131206 0.868794
GTCGCGCA 0.000000 0.748201 0.000000 0.748201 0.251799
GACAGGAT 0.000000 0.868421 0.000000 0.868421 0.131579
TCCGATTC 0.000000 0.692308 0.000000 0.692308 0.307692
TGTAGTGA 0.000000 0.370370 0.000000 0.370370 0.629630
TTTTTTGT 0.000000 0.920097 0.000000 0.920097 0.079903
GACACCGA 0.000000 0.840708 0.000000 0.840708 0.159292
ACCTCATA 0.000000 0.826667 0.000000 0.826667 0.173333
ACCTGTAT 0.000000 0.686275 0.000000 0.686275 0.313725
ACCTCATC 0.000000 0.872727 0.000000 0.872727 0.127273
CTCATACA 0.000000 0.771429 0.000000 0.771429 0.228571
ACGTGCAG 0.000000 0.896175 0.000000 0.896175 0.103825
CGACTCAG 0.000000 0.083333 0.000000 0.083333 0.916667
TGATATAC 0.000000 0.245098 0.000000 0.245098 0.754902
TATCATGA 0.000000 0.865672 0.000000 0.865672 0.134328
CGAGCAGC 0.000000 0.742424 0.000000 0.742424 0.257576
GCCATGAA 0.000000 0.871429 0.000000 0.871429 0.128571
TGTAGTGT 0.000000 0.937343 0.000000 0.937343 0.062657
GACTTTGC 0.000000 0.853659 0.000000 0.853659 0.146341
AGACAGTC 0.000000 0.868132 0.000000 0.868132 0.131868
GTAGGCAA 0.000000 0.550000 0.000000 0.550000 0.450000
ATACCTCA 0.000000 0.500000 0.000000 0.500000 0.500000
AGACAGTG 0.000000 0.609467 0.000000 0.609467 0.390533
CGACTCAT 0.000000 0.915361 0.000000 0.915361 0.084639
TGCCGTGT 0.000000 0.943820 0.000000 0.943820 0.056180
CGTATAGG 0.000000 0.571429 0.000000 0.571429 0.428571
ACATAGAC 0.000000 0.433962 0.000000 0.433962 0.566038
TGATATAT 0.000000 0.983908 0.000000 0.983908 0.016092
ACATAGAG 0.000000 0.358696 0.000000 0.358696 0.641304
AGATAGCA 0.000000 0.354167 0.000000 0.354167 0.645833
ATCATGCT 0.000000 0.709091 0.000000 0.709091 0.290909
TATCATGT 0.000000 0.901235 0.000000 0.901235 0.098765
CAGCTGGT 0.000000 0.856322 0.000000 0.856322 0.143678
GAGTTCGA 0.000000 0.697479 0.000000 0.697479 0.302521
TCCTCAGG 0.000000 0.206897 0.000000 0.206897 0.793103
CGTATAGT 0.000000 0.315789 0.000000 0.315789 0.684211
CAGAATAA 0.000000 0.964286 0.000000 0.964286 0.035714
AACTCATC 0.000000 0.920000 0.000000 0.920000 0.080000
CAGAATAC 0.000000 0.484848 0.000000 0.484848 0.515152
ATCTATCG 0.000000 0.437500 0.000000 0.437500 0.562500
GACATGAG 0.000000 0.758621 0.000000 0.758621 0.241379
ACGAGCGA 0.000000 0.947025 0.000000 0.947025 0.052975
CTCGACGT 0.000000 0.658228 0.000000 0.658228 0.341772
AGTGGACT 0.000000 0.421053 0.000000 0.421053 0.578947
ACAGTAGT 0.000000 0.883871 0.000000 0.883871 0.116129
GATGTAGA 0.000000 0.292683 0.000000 0.292683 0.707317
AGTGCGAA 0.000000 0.500000 0.000000 0.500000 0.500000
CGCGTCGA 0.000000 0.790123 0.000000 0.790123 0.209877
TACTCAGT 0.000000 0.339286 0.000000 0.339286 0.660714
AGTGCGAG 0.000000 0.517857 0.000000 0.517857 0.482143
AGTCTGTC 0.000000 0.456522 0.000000 0.456522 0.543478
CGTGCAAG 0.000000 0.287975 0.000000 0.287975 0.712025
CGTCTATC 0.000000 0.633333 0.000000 0.633333 0.366667
AGTCTGTG 0.000000 0.728643 0.000000 0.728643 0.271357
CGCACTGT 0.000000 0.428571 0.000000 0.428571 0.571429
CGGACCGA 0.000000 0.666667 0.000000 0.666667 0.333333
CGGACCGC 0.000000 0.700000 0.000000 0.700000 0.300000
GATGTAGT 0.000000 0.740741 0.000000 0.740741 0.259259
ACGTTCAT 0.000000 0.400000 0.000000 0.400000 0.600000
GAGTACAG 0.000000 0.743191 0.000000 0.743191 0.256809
GATAAGGC 0.000000 0.381579 0.000000 0.381579 0.618421
CTGGTAAT 0.000000 0.844311 0.000000 0.844311 0.155689
ACTAGTTC 0.000000 0.471429 0.000000 0.471429 0.528571
TCTTCATT 0.000000 0.961039 0.000000 0.961039 0.038961
TGGCTCGG 0.000000 0.651515 0.000000 0.651515 0.348485
CATAGAGC 0.000000 0.341463 0.000000 0.341463 0.658537
GACAGGCA 0.000000 0.470588 0.000000 0.470588 0.529412
AACCGGGA 0.000000 0.062731 0.000000 0.062731 0.937269
GTGTGCTC 0.000000 0.591954 0.000000 0.591954 0.408046
TATGAGTG 0.000000 0.336842 0.000000 0.336842 0.663158
AGCGCTAG 0.000000 0.126761 0.000000 0.126761 0.873239
GCACCTCT 0.000000 0.916667 0.000000 0.916667 0.083333
TGAATGCC 0.000000 0.785714 0.000000 0.785714 0.214286
AACCGGGG 0.000000 0.968750 0.000000 0.968750 0.031250
CATAGAGT 0.000000 0.674419 0.000000 0.674419 0.325581
GCTGCGGA 0.000000 0.310606 0.000000 0.310606 0.689394
TCTAGTGA 0.000000 0.622222 0.000000 0.622222 0.377778
CATTTAAC 0.000000 0.980296 0.000000 0.980296 0.019704
TTCATTCA 0.000000 0.933884 0.000000 0.933884 0.066116
ACGCGCTA 0.000000 0.686275 0.000000 0.686275 0.313725
TCTAGTGC 0.000000 0.920444 0.000000 0.920444 0.079556
TATGAGTT 0.000000 0.943662 0.000000 0.943662 0.056338
TTCATTCG 0.000000 0.913580 0.000000 0.913580 0.086420
CACCGAGT 0.000000 0.423077 0.000000 0.423077 0.576923
ACGCGCTG 0.000000 0.183333 0.000000 0.183333 0.816667
GTATAGTC 0.000000 0.793296 0.000000 0.793296 0.206704
GATTTTTC 0.000000 0.347368 0.000000 0.347368 0.652632
GCTCAGTG 0.000000 0.761364 0.000000 0.761364 0.238636
AGTGTACG 0.000000 0.698113 0.000000 0.698113 0.301887
GTATAGTG 0.000000 0.465116 0.000000 0.465116 0.534884
TCATATAA 0.000000 0.141414 0.000000 0.141414 0.858586
ACGATCGC 0.000000 0.944954 0.000000 0.944954 0.055046
ACGTGCCA 0.000000 0.437500 0.000000 0.437500 0.562500
TCCCCCAC 0.000000 0.919492 0.000000 0.919492 0.080508
GTCTAGAC 0.000000 0.666667 0.000000 0.666667 0.333333
TCATATAG 0.000000 0.072650 0.000000 0.072650 0.927350
CTGGGACA 0.000000 0.421053 0.000000 0.421053 0.578947
TGAGCTGT 0.000000 0.623762 0.000000 0.623762 0.376238
CGACTCCG 0.000000 0.109948 0.000000 0.109948 0.890052
GTGACAGT 0.000000 0.549020 0.000000 0.549020 0.450980
CCTATAGC 0.000000 0.910526 0.000000 0.910526 0.089474
TGATATCG 0.000000 0.629630 0.000000 0.629630 0.370370
GCCATGCC 0.000000 0.687500 0.000000 0.687500 0.312500
TCATATAT 0.000000 0.977477 0.000000 0.977477 0.022523
CGTAAACG 0.000000 0.583333 0.000000 0.583333 0.416667
AAGGTTCG 0.000000 0.305556 0.000000 0.305556 0.694444
CTGGCGAA 0.000000 0.901408 0.000000 0.901408 0.098592
TGTCAGAC 0.000000 0.985294 0.000000 0.985294 0.014706
TCAAGGCA 0.000000 0.769231 0.000000 0.769231 0.230769
CATCGATA 0.000000 0.940860 0.000000 0.940860 0.059140
ATAGGATA 0.000000 0.808511 0.000000 0.808511 0.191489
GTAGTCAT 0.000000 0.827586 0.000000 0.827586 0.172414
GTCGTAGC 0.000000 0.707317 0.000000 0.707317 0.292683
AAGTTCAG 0.000000 0.068966 0.000000 0.068966 0.931034
AAGCCAAC 0.000000 0.915385 0.000000 0.915385 0.084615
GACATGCC 0.000000 0.394737 0.000000 0.394737 0.605263
ACTGGACA 0.000000 0.680000 0.000000 0.680000 0.320000
TGTCAGAT 0.000000 0.346154 0.000000 0.346154 0.653846
ACTGTAAC 0.000000 0.321429 0.000000 0.321429 0.678571
AAGTGCCT 0.000000 0.146667 0.000000 0.146667 0.853333
AAGTTCAT 0.000000 0.651163 0.000000 0.651163 0.348837
TGTGCTAC 0.000000 0.650407 0.000000 0.650407 0.349593
CGTGTCTC 0.000000 0.500000 0.000000 0.500000 0.500000
GACCATTC 0.000000 0.562500 0.000000 0.562500 0.437500
GACATGCT 0.000000 0.769231 0.000000 0.769231 0.230769
CGTGTCTG 0.000000 0.564103 0.000000 0.564103 0.435897
ACGAACAG 0.000000 0.890909 0.000000 0.890909 0.109091
ACACAGTA 0.000000 0.727273 0.000000 0.727273 0.272727
ACTAAGAA 0.000000 0.594595 0.000000 0.594595 0.405405
GTGTCACA 0.000000 0.742515 0.000000 0.742515 0.257485
CCTGCAAA 0.000000 0.846154 0.000000 0.846154 0.153846
ACGAACAT 0.000000 0.770833 0.000000 0.770833 0.229167
GACTATCG 0.000000 0.761628 0.000000 0.761628 0.238372
GAGCACTC 0.000000 0.314286 0.000000 0.314286 0.685714
GGGACAAA 0.000000 0.375000 0.000000 0.375000 0.625000
GTGTCACT 0.000000 0.314286 0.000000 0.314286 0.685714
ACTTTGCC 0.000000 0.820513 0.000000 0.820513 0.179487
TAACCCTC 0.000000 0.898734 0.000000 0.898734 0.101266
GCGGTGAG 0.000000 0.423077 0.000000 0.423077 0.576923
GGCATGGA 0.000000 0.120000 0.000000 0.120000 0.880000
GACTATCT 0.000000 0.531250 0.000000 0.531250 0.468750
CAACTCAA 0.000000 0.878399 0.000000 0.878399 0.121601
TACCGTGA 0.000000 0.686047 0.000000 0.686047 0.313953
GATCAGTG 0.000000 0.817901 0.000000 0.817901 0.182099
TACCGTGC 0.000000 0.344560 0.000000 0.344560 0.655440
CAAGCAGA 0.000000 0.437500 0.000000 0.437500 0.562500
AAGAACAG 0.000000 0.914894 0.000000 0.914894 0.085106
TATAGTGT 0.000000 0.851852 0.000000 0.851852 0.148148
CACTCTAC 0.000000 0.534483 0.000000 0.534483 0.465517
GGACCTGC 0.000000 0.725000 0.000000 0.725000 0.275000
CATATAGA 0.000000 0.725000 0.000000 0.725000 0.275000
TCGATATC 0.000000 0.312500 0.000000 0.312500 0.687500
AATAAGAC 0.000000 0.785714 0.000000 0.785714 0.214286
TGCGTGTC 0.000000 0.097222 0.000000 0.097222 0.902778
GTGCGTAG 0.000000 0.550000 0.000000 0.550000 0.450000
TATACCAT 0.000000 0.857143 0.000000 0.857143 0.142857
CACTCTAG 0.000000 0.770335 0.000000 0.770335 0.229665
AGCGCTCA 0.000000 0.611111 0.000000 0.611111 0.388889
TCGATATG 0.000000 0.200000 0.000000 0.200000 0.800000
TACTACTG 0.000000 0.503937 0.000000 0.503937 0.496063
CATATAGG 0.000000 0.290323 0.000000 0.290323 0.709677
TCACAGGT 0.000000 0.500000 0.000000 0.500000 0.500000
AAGAACAT 0.000000 0.384615 0.000000 0.384615 0.615385
CCTGGCTC 0.000000 0.500000 0.000000 0.500000 0.500000
TGATGGAA 0.000000 0.978571 0.000000 0.978571 0.021429
GTGCGTAT 0.000000 0.740741 0.000000 0.740741 0.259259
TCAGCTGA 0.000000 0.966292 0.000000 0.966292 0.033708
GGCTATGA 0.000000 0.459459 0.000000 0.459459 0.540541
GTGCCATC 0.000000 0.944444 0.000000 0.944444 0.055556
AGGGATAA 0.000000 0.936170 0.000000 0.936170 0.063830
CATATAGT 0.000000 0.750000 0.000000 0.750000 0.250000
AGCTGTGC 0.000000 0.205556 0.000000 0.205556 0.794444
ATGTACGA 0.000000 0.921687 0.000000 0.921687 0.078313
TAGCGCGT 0.000000 0.298487 0.000000 0.298487 0.701513
ATGTACGC 0.000000 0.545455 0.000000 0.545455 0.454545
CATTCGAA 0.000000 0.938272 0.000000 0.938272 0.061728
CATTCGAC 0.000000 0.909091 0.000000 0.909091 0.090909
CAGTGTGT 0.000000 0.858824 0.000000 0.858824 0.141176
GGCGTAAC 0.000000 0.772727 0.000000 0.772727 0.227273
ATGACAAA 0.000000 1.000000 0.000000 1.000000 0.000000
ACTCTGTA 0.000000 0.410000 0.000000 0.410000 0.590000
TCATATCA 0.000000 0.876190 0.000000 0.876190 0.123810
CGACGCGC 0.000000 0.947484 0.000000 0.947484 0.052516
TGCCATCA 0.000000 0.836735 0.000000 0.836735 0.163265
TCCCCCCC 0.000000 0.990673 0.000000 0.990673 0.009327
TGCCATCC 0.000000 0.850000 0.000000 0.850000 0.150000
GATGAACG 0.000000 0.300000 0.000000 0.300000 0.700000
CTCATAGA 0.000000 0.909091 0.000000 0.909091 0.090909
ATGTACGT 0.000000 0.628571 0.000000 0.628571 0.371429
TCGCTCGA 0.000000 0.934524 0.000000 0.934524 0.065476
GGCAAGAC 0.000000 0.500000 0.000000 0.500000 0.500000
GACTCCGC 0.000000 0.476190 0.000000 0.476190 0.523810
GTCTAGCT 0.000000 0.174757 0.000000 0.174757 0.825243
TGCCATCT 0.000000 0.161290 0.000000 0.161290 0.838710
CACACTGA 0.000000 0.642857 0.000000 0.642857 0.357143
CCGTATAG 0.000000 0.459459 0.000000 0.459459 0.540541
TGTCAGCA 0.000000 0.941463 0.000000 0.941463 0.058537
TCGCTCGT 0.000000 0.325000 0.000000 0.325000 0.675000
GACTCCGT 0.000000 0.657143 0.000000 0.657143 0.342857
GGCAAGAT 0.000000 0.411765 0.000000 0.411765 0.588235
ATACCTGT 0.000000 0.892857 0.000000 0.892857 0.107143
CATCTATC 0.000000 0.542857 0.000000 0.542857 0.457143
AAGGCCAT 0.000000 0.354839 0.000000 0.354839 0.645161
GGTCCTAG 0.000000 0.752525 0.000000 0.752525 0.247475
CACACTGT 0.000000 0.375000 0.000000 0.375000 0.625000
TCTCAGAT 0.000000 0.377622 0.000000 0.377622 0.622378
ATAGTATG 0.000000 0.717391 0.000000 0.717391 0.282609
ACCAATCC 0.000000 0.933333 0.000000 0.933333 0.066667
TGTCAGCT 0.000000 0.764940 0.000000 0.764940 0.235060
TAGCTCGA 0.000000 0.351351 0.000000 0.351351 0.648649
TCGACGTC 0.000000 0.687500 0.000000 0.687500 0.312500
TAGCTCGC 0.000000 0.800000 0.000000 0.800000 0.200000
GACTGGAG 0.000000 0.251142 0.000000 0.251142 0.748858
TGTGCTCA 0.000000 0.813333 0.000000 0.813333 0.186667
TCGACGTG 0.000000 0.856000 0.000000 0.856000 0.144000
CATACGGG 0.000000 0.981818 0.000000 0.981818 0.018182
CAGACCGT 0.000000 0.940299 0.000000 0.940299 0.059701
TGTGCTCG 0.000000 0.289216 0.000000 0.289216 0.710784
TATCTGGG 0.000000 0.926606 0.000000 0.926606 0.073394
ACGAACCG 0.000000 0.262295 0.000000 0.262295 0.737705
TAGCTCGT 0.000000 0.787879 0.000000 0.787879 0.212121
TCTGCTAT 0.000000 0.764706 0.000000 0.764706 0.235294
TAGATATG 0.000000 0.372549 0.000000 0.372549 0.627451
CGTCGCAC 0.000000 0.703704 0.000000 0.703704 0.296296
ATCAAGAC 0.000000 0.900498 0.000000 0.900498 0.099502
TGTGCTCT 0.000000 0.803150 0.000000 0.803150 0.196850
CCCCCTTT 0.000000 0.445378 0.000000 0.445378 0.554622
CAAGACTC 0.000000 0.234043 0.000000 0.234043 0.765957
AGGTTCGC 0.000000 0.480000 0.000000 0.480000 0.520000
AATGTACG 0.000000 0.283019 0.000000 0.283019 0.716981
AGGTTCGG 0.000000 1.000000 0.000000 1.000000 0.000000
AGAATGTA 0.000000 0.271186 0.000000 0.271186 0.728814
TACCTTGC 0.000000 0.868687 0.000000 0.868687 0.131313
CGAATATG 0.000000 0.614286 0.000000 0.614286 0.385714
TGCAGTAT 0.000000 0.870588 0.000000 0.870588 0.129412
CACGACAG 0.000000 0.156951 0.000000 0.156951 0.843049
GGGACACT 0.000000 0.487805 0.000000 0.487805 0.512195
CGCAGACC 0.000000 0.750000 0.000000 0.750000 0.250000
AGGTTCGT 0.000000 0.750000 0.000000 0.750000 0.250000
TGCACATG 0.000000 0.856322 0.000000 0.856322 0.143678
CACTCTCA 0.000000 0.226148 0.000000 0.226148 0.773852
CGCAGACG 0.000000 0.868687 0.000000 0.868687 0.131313
GACAGGGA 0.000000 0.079657 0.000000 0.079657 0.920343
CACTCTCG 0.000000 0.170213 0.000000 0.170213 0.829787
CACGACAT 0.000000 0.552632 0.000000 0.552632 0.447368
ACCGCTCG 0.000000 0.452381 0.000000 0.452381 0.547619
TGAATGGA 0.000000 0.232558 0.000000 0.232558 0.767442
GCAGTATA 0.000000 0.681818 0.000000 0.681818 0.318182
CATCCGTA 0.000000 0.392857 0.000000 0.392857 0.607143
GCAGTATC 0.000000 0.974026 0.000000 0.974026 0.025974
ACATCCTC 0.000000 0.954839 0.000000 0.954839 0.045161
ATGATCTC 0.000000 0.750000 0.000000 0.750000 0.250000
GTGCGTCT 0.000000 0.394737 0.000000 0.394737 0.605263
CATCCGTC 0.000000 0.694444 0.000000 0.694444 0.305556
TATCAGAC 0.000000 0.392857 0.000000 0.392857 0.607143
ACGGATAG 0.000000 0.173913 0.000000 0.173913 0.826087
TGTAGGAT 0.000000 0.600000 0.000000 0.600000 0.400000
AGTGTAGA 0.000000 0.318396 0.000000 0.318396 0.681604
AGTGTAGC 0.000000 0.874046 0.000000 0.874046 0.125954
CATTCGCC 0.000000 0.818182 0.000000 0.818182 0.181818
GCCGTAAG 0.000000 0.479592 0.000000 0.479592 0.520408
GGACGAAC 0.000000 0.720000 0.000000 0.720000 0.280000
CAGTATAT 0.000000 0.936709 0.000000 0.936709 0.063291
AGTGTAGG 0.000000 0.432432 0.000000 0.432432 0.567568
ATGACACA 0.000000 0.884956 0.000000 0.884956 0.115044
ACGGATAT 0.000000 0.833333 0.000000 0.833333 0.166667
GCGACAAA 0.000000 0.500000 0.000000 0.500000 0.500000
TCATCCGA 0.000000 0.375000 0.000000 0.375000 0.625000
GCTTAGGC 0.000000 0.573071 0.000000 0.573071 0.426929
TCATCCGC 0.000000 0.810811 0.000000 0.810811 0.189189
TAGACGTA 0.000000 0.500000 0.000000 0.500000 0.500000
AGTGTAGT 0.000000 0.898268 0.000000 0.898268 0.101732
TAGACGTC 0.000000 0.658537 0.000000 0.658537 0.341463
CAGATGAC 0.000000 0.352941 0.000000 0.352941 0.647059
CATGTCTG 0.000000 0.379310 0.000000 0.379310 0.620690
ACGTGCGT 0.000000 0.620690 0.000000 0.620690 0.379310
CGACTCGT 0.000000 0.783051 0.000000 0.783051 0.216949
TCATCCGT 0.000000 0.666667 0.000000 0.666667 0.333333
ACATAGGG 0.000000 0.995726 0.000000 0.995726 0.004274
TCTCAGCG 0.000000 0.865096 0.000000 0.865096 0.134904
CAGATGAT 0.000000 0.756757 0.000000 0.756757 0.243243
CTCTCGCA 0.000000 0.642384 0.000000 0.642384 0.357616
TCAAGGGC 0.000000 0.181818 0.000000 0.181818 0.818182
CGAACGTC 0.000000 0.757009 0.000000 0.757009 0.242991
GACCGGTG 0.000000 0.831858 0.000000 0.831858 0.168142
CGAACGTG 0.000000 0.891892 0.000000 0.891892 0.108108
CTTCACAG 0.000000 0.197842 0.000000 0.197842 0.802158
TCGTGATA 0.000000 0.541667 0.000000 0.541667 0.458333
GACATGGA 0.000000 0.232143 0.000000 0.232143 0.767857
TCGTGATC 0.000000 0.555556 0.000000 0.555556 0.444444
ACCACCGA 0.000000 0.145833 0.000000 0.145833 0.854167
ATACGAAC 0.000000 0.400000 0.000000 0.400000 0.600000
TCGTGATG 0.000000 0.818182 0.000000 0.818182 0.181818
CGCACGAG 0.000000 0.185520 0.000000 0.185520 0.814480
ATCGTACG 0.000000 0.848485 0.000000 0.848485 0.151515
GACTGGCG 0.000000 0.852564 0.000000 0.852564 0.147436
CAGAATGT 0.000000 0.921053 0.000000 0.921053 0.078947
CACAGAAG 0.000000 0.844991 0.000000 0.844991 0.155009
GAACCTGC 0.000000 0.372881 0.000000 0.372881 0.627119
TACGTGTC 0.000000 0.163462 0.000000 0.163462 0.836538
TTAGAACC 0.000000 0.933333 0.000000 0.933333 0.066667
CGCACGAT 0.000000 0.790698 0.000000 0.790698 0.209302
ACTGGAGT 0.000000 0.876543 0.000000 0.876543 0.123457
TTCTTTCA 0.000000 0.919708 0.000000 0.919708 0.080292
CTCAAACA 0.000000 0.761905 0.000000 0.761905 0.238095
CGTCTCAC 0.000000 0.564103 0.000000 0.564103 0.435897
GAACCTGT 0.000000 0.953704 0.000000 0.953704 0.046296
AGTGCGGA 0.000000 0.076923 0.000000 0.076923 0.923077
CGTGCAGC 0.000000 0.893401 0.000000 0.893401 0.106599
TGTTCCCC 0.000000 0.649446 0.000000 0.649446 0.350554
GGCGCGCG 0.000000 0.972376 0.000000 0.972376 0.027624
TGCAGTCG 0.000000 0.380952 0.000000 0.380952 0.619048
GACGGACA 0.000000 0.640000 0.000000 0.640000 0.360000
GACGGACC 0.000000 0.846154 0.000000 0.846154 0.153846
AACACCGG 0.000000 0.437500 0.000000 0.437500 0.562500
CGTCTCAT 0.000000 0.941143 0.000000 0.941143 0.058857
GACGGACG 0.000000 0.857143 0.000000 0.857143 0.142857
GTATCTAC 0.000000 0.924528 0.000000 0.924528 0.075472
TACCATCA 0.000000 0.872727 0.000000 0.872727 0.127273
ACGTTCGT 0.000000 0.842105 0.000000 0.842105 0.157895
TGCAGTCT 0.000000 0.418182 0.000000 0.418182 0.581818
GTATCTAG 0.000000 0.632558 0.000000 0.632558 0.367442
TACCATCG 0.000000 0.823529 0.000000 0.823529 0.176471
TGAGCGAC 0.000000 0.957806 0.000000 0.957806 0.042194
CGCATACG 0.000000 0.851648 0.000000 0.851648 0.148352
TGTAGGCA 0.000000 0.472222 0.000000 0.472222 0.527778
TGTATGAA 0.000000 0.868852 0.000000 0.868852 0.131148
GACAAGAC 0.000000 0.512658 0.000000 0.512658 0.487342
AGCGCTGA 0.000000 0.900000 0.000000 0.900000 0.100000
CTCGTCTC 0.000000 0.907033 0.000000 0.907033 0.092967
AACAGGAC 0.000000 0.651163 0.000000 0.651163 0.348837
AGACCTCG 0.000000 0.470588 0.000000 0.470588 0.529412
TGAGCGAT 0.000000 0.409091 0.000000 0.409091 0.590909
CTCGTCTG 0.000000 0.549020 0.000000 0.549020 0.450980
ACGGATCG 0.000000 0.187500 0.000000 0.187500 0.812500
ATCGCGCA 0.000000 0.362500 0.000000 0.362500 0.637500
TCAAGTTG 0.000000 0.926174 0.000000 0.926174 0.073826
CAGTATCT 0.000000 0.675676 0.000000 0.675676 0.324324
AGGCACTC 0.000000 0.850047 0.000000 0.850047 0.149953
ACAGAAGT 0.000000 0.835833 0.000000 0.835833 0.164167
TCATATGA 0.000000 0.933333 0.000000 0.933333 0.066667
TGCCATGA 0.000000 0.620253 0.000000 0.620253 0.379747
TAGTGATA 0.000000 0.571429 0.000000 0.571429 0.428571
ACGTACAC 0.000000 0.529412 0.000000 0.529412 0.470588
AGTCAGTA 0.000000 0.890000 0.000000 0.890000 0.110000
CGACACCG 0.000000 0.924528 0.000000 0.924528 0.075472
AGTCAGTG 0.000000 0.865385 0.000000 0.865385 0.134615
ATCGCGCT 0.000000 0.047244 0.000000 0.047244 0.952756
TCAGGACA 0.000000 0.769231 0.000000 0.769231 0.230769
ATCTGGGC 0.000000 0.691756 0.000000 0.691756 0.308244
CTCGCACT 0.000000 0.827586 0.000000 0.827586 0.172414
TCAGGACC 0.000000 0.750000 0.000000 0.750000 0.250000
ACTTAGAG 0.000000 0.785714 0.000000 0.785714 0.214286
TCAGGACG 0.000000 1.000000 0.000000 1.000000 0.000000
GTAGTCGA 0.000000 0.180000 0.000000 0.180000 0.820000
CAGATGCG 0.000000 0.644068 0.000000 0.644068 0.355932
CGCGACGT 0.000000 0.871212 0.000000 0.871212 0.128788
CTGTTTTT 0.000000 0.959596 0.000000 0.959596 0.040404
AGTCAGTT 0.000000 0.375000 0.000000 0.375000 0.625000
CCCTCTGT 0.000000 0.682927 0.000000 0.682927 0.317073
GATATGTC 0.000000 0.511111 0.000000 0.511111 0.488889
CGATGATA 0.000000 0.142857 0.000000 0.142857 0.857143
CAGATGCT 0.000000 0.675676 0.000000 0.675676 0.324324
GTTCGACA 0.000000 0.815217 0.000000 0.815217 0.184783
GATATGTG 0.000000 0.801418 0.000000 0.801418 0.198582
GACGCGAC 0.000000 0.974576 0.000000 0.974576 0.025424
CGATGATC 0.000000 0.526316 0.000000 0.526316 0.473684
GTAGTCGT 0.000000 0.733333 0.000000 0.733333 0.266667
CGATGATG 0.000000 0.889952 0.000000 0.889952 0.110048
TACAGTAG 0.000000 0.213018 0.000000 0.213018 0.786982
CAGCATTT 0.000000 0.989474 0.000000 0.989474 0.010526
AAAATGTG 0.000000 0.885375 0.000000 0.885375 0.114625
TACACATA 0.000000 0.883721 0.000000 0.883721 0.116279
CTGTAGCG 0.000000 0.774958 0.000000 0.774958 0.225042
TACACATC 0.000000 0.374150 0.000000 0.374150 0.625850
CACAGACA 0.000000 0.750000 0.000000 0.750000 0.250000
ATACGACG 0.000000 0.988372 0.000000 0.988372 0.011628
TAGAGCAC 0.000000 0.608108 0.000000 0.608108 0.391892
TACACATG 0.000000 0.819277 0.000000 0.819277 0.180723
CGGGGACT 0.000000 0.250000 0.000000 0.250000 0.750000
TAGAGCAG 0.000000 0.346939 0.000000 0.346939 0.653061
ACTTTTTT 0.000000 0.909091 0.000000 0.909091 0.090909
ATGTGCTC 0.000000 0.200000 0.000000 0.200000 0.800000
TATAGGAC 0.000000 0.717172 0.000000 0.717172 0.282828
CGCACGCT 0.000000 0.236364 0.000000 0.236364 0.763636
TATAGGAT 0.000000 0.840426 0.000000 0.840426 0.159574
GGACCGAA 0.000000 0.750000 0.000000 0.750000 0.250000
ACGAACGT 0.000000 0.797753 0.000000 0.797753 0.202247
GGACCGAC 0.000000 0.863636 0.000000 0.863636 0.136364
GACGTACA 0.000000 0.277778 0.000000 0.277778 0.722222
GGATAGTA 0.000000 0.588235 0.000000 0.588235 0.411765
GGATAGTC 0.000000 0.615385 0.000000 0.615385 0.384615
ACTAAGGT 0.000000 0.779904 0.000000 0.779904 0.220096
GGGACAGG 0.000000 0.500000 0.000000 0.500000 0.500000
GACGTACG 0.000000 0.512821 0.000000 0.512821 0.487179
CAACACAA 0.000000 0.839506 0.000000 0.839506 0.160494
TATACCGG 0.000000 0.953488 0.000000 0.953488 0.046512
GTATCTCG 0.000000 0.720396 0.000000 0.720396 0.279604
CTGCAGTC 0.000000 0.413793 0.000000 0.413793 0.586207
CAACACAG 0.000000 0.641026 0.000000 0.641026 0.358974
TCGATCAG 0.000000 0.476190 0.000000 0.476190 0.523810
GTAGACAT 0.000000 0.476190 0.000000 0.476190 0.523810
CTGCAGTG 0.000000 0.234375 0.000000 0.234375 0.765625
AATAAGGC 0.000000 0.304348 0.000000 0.304348 0.695652
TGCGAGTC 0.000000 0.500000 0.000000 0.500000 0.500000
TGTATGCA 0.000000 0.572000 0.000000 0.572000 0.428000
TATACCGT 0.000000 0.256757 0.000000 0.256757 0.743243
CAGTGGAT 0.000000 0.785714 0.000000 0.785714 0.214286
GTATCTCT 0.000000 0.530928 0.000000 0.530928 0.469072
CTAGTTCG 0.000000 0.434783 0.000000 0.434783 0.565217
TCAGCGAT 0.000000 0.545455 0.000000 0.545455 0.454545
CTACGCTA 0.000000 0.775000 0.000000 0.775000 0.225000
AACAGGCA 0.000000 0.851852 0.000000 0.851852 0.148148
GTGTACTC 0.000000 0.156069 0.000000 0.156069 0.843931
AACAGGCG 0.000000 0.692308 0.000000 0.692308 0.307692
CACTCTGT 0.000000 0.723077 0.000000 0.723077 0.276923
CTAGTTCT 0.000000 0.782609 0.000000 0.782609 0.217391
ACGCACTA 0.000000 0.970370 0.000000 0.970370 0.029630
CAAACGTA 0.000000 0.444444 0.000000 0.444444 0.555556
CAAACGTC 0.000000 0.500000 0.000000 0.500000 0.500000
TCGTCGTA 0.000000 0.902214 0.000000 0.902214 0.097786
GTCATGTA 0.000000 0.911412 0.000000 0.911412 0.088588
CCTCGCCG 0.000000 0.862069 0.000000 0.862069 0.137931
ATACCGAA 0.000000 0.333333 0.000000 0.333333 0.666667
GTCATGTC 0.000000 0.479167 0.000000 0.479167 0.520833
GGACTACA 0.000000 0.816176 0.000000 0.816176 0.183824
ACTCAGTA 0.000000 0.600000 0.000000 0.600000 0.400000
ACTCAGTC 0.000000 0.500000 0.000000 0.500000 0.500000
ACGTACCA 0.000000 0.250000 0.000000 0.250000 0.750000
ATATAGTC 0.000000 0.728070 0.000000 0.728070 0.271930
ACTCAGTG 0.000000 0.625000 0.000000 0.625000 0.375000
ATATAGTG 0.000000 0.600000 0.000000 0.600000 0.400000
CCTTCTTT 0.000000 0.715596 0.000000 0.715596 0.284404
ACGTACCG 0.000000 0.641026 0.000000 0.641026 0.358974
CATTCGGT 0.000000 0.545455 0.000000 0.545455 0.454545
TCAGTACA 0.000000 0.919614 0.000000 0.919614 0.080386
TCGCACGC 0.000000 0.824324 0.000000 0.824324 0.175676
AAGGCCGA 0.000000 0.428571 0.000000 0.428571 0.571429
ACCATGCC 0.000000 0.833333 0.000000 0.833333 0.166667
CATCGCCA 0.000000 0.176471 0.000000 0.176471 0.823529
GCGTCAAG 0.000000 0.148148 0.000000 0.148148 0.851852
TTCAGGAC 0.000000 1.000000 0.000000 1.000000 0.000000
TCTCAGGC 0.000000 0.387097 0.000000 0.387097 0.612903
ATAGTCAA 0.000000 0.250000 0.000000 0.250000 0.750000
TATTTTGA 0.000000 0.625000 0.000000 0.625000 0.375000
CATCTCAG 0.000000 0.551948 0.000000 0.551948 0.448052
CATGCAGA 0.000000 0.400000 0.000000 0.400000 0.600000
GACGCGCA 0.000000 0.151452 0.000000 0.151452 0.848548
ATAGTCAG 0.000000 0.554054 0.000000 0.554054 0.445946
GACGCGCG 0.000000 0.839506 0.000000 0.839506 0.160494
TACAGTCG 0.000000 0.236842 0.000000 0.236842 0.763158
CATCTCAT 0.000000 0.500000 0.000000 0.500000 0.500000
TCTCAGGT 0.000000 0.761905 0.000000 0.761905 0.238095
ATAGAATG 0.000000 0.347826 0.000000 0.347826 0.652174
ATAGTCAT 0.000000 0.444444 0.000000 0.444444 0.555556
GACTGGGA 0.000000 0.132075 0.000000 0.132075 0.867925
GACGCGCT 0.000000 0.088050 0.000000 0.088050 0.911950
TCTGCTGA 0.000000 0.641667 0.000000 0.641667 0.358333
TACAGTCT 0.000000 0.634146 0.000000 0.634146 0.365854
ATCGTAGG 0.000000 0.387755 0.000000 0.387755 0.612245
CACATACA 0.000000 0.909091 0.000000 0.909091 0.090909
ATACTACG 0.000000 0.495913 0.000000 0.495913 0.504087
AACATGCC 0.000000 0.891892 0.000000 0.891892 0.108108
GGGCGTAA 0.000000 0.666667 0.000000 0.666667 0.333333
AACATGCG 0.000000 0.873563 0.000000 0.873563 0.126437
CACATACG 0.000000 0.336788 0.000000 0.336788 0.663212
TATATGAA 0.000000 0.714286 0.000000 0.714286 0.285714
CATTAACT 0.000000 0.874396 0.000000 0.874396 0.125604
ATACTACT 0.000000 0.875000 0.000000 0.875000 0.125000
TATATGAG 0.000000 0.835404 0.000000 0.835404 0.164596
GCGTGCTG 0.000000 0.937186 0.000000 0.937186 0.062814
TTCTTTGC 0.000000 0.702703 0.000000 0.702703 0.297297
ATCAAGGG 0.000000 0.888889 0.000000 0.888889 0.111111
CGTAGATA 0.000000 0.875000 0.000000 0.875000 0.125000
ATGTCACG 0.000000 0.106918 0.000000 0.106918 0.893082
CGAATCAG 0.000000 0.738739 0.000000 0.738739 0.261261
CATTCTTC 0.000000 0.691057 0.000000 0.691057 0.308943
TAGTCGTC 0.000000 0.910526 0.000000 0.910526 0.089474
AGGACAAA 0.000000 0.920635 0.000000 0.920635 0.079365
TAGTCGTG 0.000000 0.847826 0.000000 0.847826 0.152174
ATGTCACT 0.000000 0.781250 0.000000 0.781250 0.218750
TACCATGC 0.000000 0.872549 0.000000 0.872549 0.127451
AGGACAAG 0.000000 0.292135 0.000000 0.292135 0.707865
GGACCGCT 0.000000 0.338710 0.000000 0.338710 0.661290
TGCAGTGT 0.000000 0.889831 0.000000 0.889831 0.110169
AATCAGTC 0.000000 0.870000 0.000000 0.870000 0.130000
GCAGTCAC 0.000000 0.583333 0.000000 0.583333 0.416667
GCAGTCAG 0.000000 0.120438 0.000000 0.120438 0.879562
GGCAATTC 0.000000 0.832599 0.000000 0.832599 0.167401
TACCATGT 0.000000 0.777778 0.000000 0.777778 0.222222
TTACCTAC 0.000000 0.600000 0.000000 0.600000 0.400000
CTACTCTC 0.000000 0.882736 0.000000 0.882736 0.117264
CAGTATGA 0.000000 0.342857 0.000000 0.342857 0.657143
CGATCGTC 0.000000 0.846154 0.000000 0.846154 0.153846
ATGAACTC 0.000000 0.187500 0.000000 0.187500 0.812500
TGATAGAC 0.000000 0.333333 0.000000 0.333333 0.666667
TATCAGGC 0.000000 0.309524 0.000000 0.309524 0.690476
GCAGTCAT 0.000000 0.893617 0.000000 0.893617 0.106383
TGATAGAG 0.000000 0.655172 0.000000 0.655172 0.344828
GCCGTAGA 0.000000 0.600000 0.000000 0.600000 0.400000
CGCTCGAC 0.000000 0.959610 0.000000 0.959610 0.040390
ATGCCATC 0.000000 0.794643 0.000000 0.794643 0.205357
TAGCACGT 0.000000 0.511111 0.000000 0.511111 0.488889
ATCGCGGA 0.000000 0.214286 0.000000 0.214286 0.785714
ATGCCATG 0.000000 0.717391 0.000000 0.717391 0.282609
TTCTATAG 0.000000 0.302632 0.000000 0.302632 0.697368
CAGGGACG 0.000000 0.881356 0.000000 0.881356 0.118644
CAGTATGT 0.000000 0.595238 0.000000 0.595238 0.404762
ACGGATGT 0.000000 0.529412 0.000000 0.529412 0.470588
TTATATTT 0.000000 0.959350 0.000000 0.959350 0.040650
TGATAGAT 0.000000 0.565789 0.000000 0.565789 0.434211
CGACACGC 0.000000 0.909091 0.000000 0.909091 0.090909
CGCTCGAT 0.000000 0.444444 0.000000 0.444444 0.555556
CTGTCCTG 0.000000 0.534653 0.000000 0.534653 0.465347
CACTGAAT 0.000000 0.243243 0.000000 0.243243 0.756757
GGCGAACT 0.000000 0.461538 0.000000 0.461538 0.538462
CAGATGGA 0.000000 0.351064 0.000000 0.351064 0.648936
ATCTAGCG 0.000000 0.838384 0.000000 0.838384 0.161616
TGCTGTCA 0.000000 0.951220 0.000000 0.951220 0.048780
CGCGCAAC 0.000000 0.897727 0.000000 0.897727 0.102273
ATCTAGCT 0.000000 0.187500 0.000000 0.187500 0.812500
GTTCGAGC 0.000000 0.638889 0.000000 0.638889 0.361111
GAACCGAC 0.000000 0.785714 0.000000 0.785714 0.214286
ACCAGGGT 0.000000 0.250633 0.000000 0.250633 0.749367
TCGTGCAG 0.000000 0.542857 0.000000 0.542857 0.457143
TGCTGTCT 0.000000 0.542373 0.000000 0.542373 0.457627
GGCGCTTG 0.000000 0.802708 0.000000 0.802708 0.197292
GAATAGTC 0.000000 0.500000 0.000000 0.500000 0.500000
GTAAGACC 0.000000 0.896552 0.000000 0.896552 0.103448
GAATAGTG 0.000000 0.722222 0.000000 0.722222 0.277778
ATACGAGA 0.000000 0.904762 0.000000 0.904762 0.095238
ATCGAACA 0.000000 0.657143 0.000000 0.657143 0.342857
GCAGAATG 0.000000 0.240000 0.000000 0.240000 0.760000
ACAGGATA 0.000000 0.925926 0.000000 0.925926 0.074074
ATACGAGC 0.000000 0.256757 0.000000 0.256757 0.743243
ATCGAACC 0.000000 0.910714 0.000000 0.910714 0.089286
ATCGAACG 0.000000 0.750000 0.000000 0.750000 0.250000
AGCATTTA 0.000000 0.854545 0.000000 0.854545 0.145455
GACTAGAG 0.000000 0.181818 0.000000 0.181818 0.818182
TTTTTTTG 0.000000 0.168591 0.000000 0.168591 0.831409
GAGACAGT 0.000000 0.360825 0.000000 0.360825 0.639175
GCGCGTAG 0.000000 0.456522 0.000000 0.456522 0.543478
TGGTAATG 0.000000 0.668317 0.000000 0.668317 0.331683
TATATGCA 0.000000 0.820261 0.000000 0.820261 0.179739
ATCGAACT 0.000000 0.710526 0.000000 0.710526 0.289474
TATATGCG 0.000000 0.819549 0.000000 0.819549 0.180451
GACTAGAT 0.000000 0.892157 0.000000 0.892157 0.107843
TTTTTTTT 0.000000 0.997658 0.000000 0.997658 0.002342
GCGCCATA 0.000000 0.844828 0.000000 0.844828 0.155172
CGTCACAA 0.000000 0.959184 0.000000 0.959184 0.040816
CGTCTCGC 0.000000 0.892308 0.000000 0.892308 0.107692
TGCCGTTC 0.000000 0.675000 0.000000 0.675000 0.325000
CGTCACAG 0.000000 0.075000 0.000000 0.075000 0.925000
CAGGCGAA 0.000000 0.733333 0.000000 0.733333 0.266667
CCTAGATA 0.000000 0.781250 0.000000 0.781250 0.218750
CAGGCGAC 0.000000 0.687500 0.000000 0.687500 0.312500
AGTATGTA 0.000000 0.857820 0.000000 0.857820 0.142180
CGTATATA 0.000000 0.638889 0.000000 0.638889 0.361111
CGTATATC 0.000000 0.833333 0.000000 0.833333 0.166667
ACGACAAA 0.000000 0.642857 0.000000 0.642857 0.357143
GACGTAGA 0.000000 0.454545 0.000000 0.454545 0.545455
AGCGCGAC 0.000000 0.948454 0.000000 0.948454 0.051546
CGTCACAT 0.000000 0.155797 0.000000 0.155797 0.844203
CGTCTCGT 0.000000 0.666667 0.000000 0.666667 0.333333
AGTATGTG 0.000000 0.481481 0.000000 0.481481 0.518519
CCAATCAT 0.000000 0.452830 0.000000 0.452830 0.547170
TTTTAGCA 0.000000 0.796875 0.000000 0.796875 0.203125
CGCAAACA 0.000000 0.887097 0.000000 0.887097 0.112903
CGCAAACC 0.000000 0.807692 0.000000 0.807692 0.192308
TTCATGCC 0.000000 0.865854 0.000000 0.865854 0.134146
GTGCATCA 0.000000 0.642857 0.000000 0.642857 0.357143
GACGTAGT 0.000000 0.837838 0.000000 0.837838 0.162162
TGGCGCTT 0.000000 0.928726 0.000000 0.928726 0.071274
CTAGATAC 0.000000 0.710526 0.000000 0.710526 0.289474
GACAAGGC 0.000000 0.279070 0.000000 0.279070 0.720930
GTATCTGT 0.000000 0.517857 0.000000 0.517857 0.482143
CTAGATAG 0.000000 0.037037 0.000000 0.037037 0.962963
TGACAGTG 0.000000 0.511628 0.000000 0.511628 0.488372
TCATAGAC 0.000000 0.758621 0.000000 0.758621 0.241379
GAGTCACA 0.000000 0.633721 0.000000 0.633721 0.366279
AACAGGGC 0.000000 0.308682 0.000000 0.308682 0.691318
TGGAACAT 0.000000 0.907801 0.000000 0.907801 0.092199
TCATAGAG 0.000000 0.272727 0.000000 0.272727 0.727273
GTGCATCT 0.000000 0.786885 0.000000 0.786885 0.213115
GAGTCACG 0.000000 0.076190 0.000000 0.076190 0.923810
GCGAACTC 0.000000 0.727273 0.000000 0.727273 0.272727
CAGATTTT 0.000000 0.992188 0.000000 0.992188 0.007812
TAGTGCAA 0.000000 0.922500 0.000000 0.922500 0.077500
TCATAGAT 0.000000 0.600000 0.000000 0.600000 0.400000
TAGTGCAC 0.000000 0.938685 0.000000 0.938685 0.061315
GAGTCACT 0.000000 0.211538 0.000000 0.211538 0.788462
ACCGGACC 0.000000 0.954545 0.000000 0.954545 0.045455
TAGTGCAG 0.000000 0.685950 0.000000 0.685950 0.314050
ACGTACGA 0.000000 0.382353 0.000000 0.382353 0.617647
AGACGAAC 0.000000 0.800000 0.000000 0.800000 0.200000
GATGTATA 0.000000 0.900763 0.000000 0.900763 0.099237
ACAAAGTC 0.000000 0.901408 0.000000 0.901408 0.098592
CCAAGCCT 0.000000 0.478261 0.000000 0.478261 0.521739
TCGAGCGC 0.000000 0.841379 0.000000 0.841379 0.158621
AGACGAAT 0.000000 0.807339 0.000000 0.807339 0.192661
CGGACCTC 0.000000 0.916667 0.000000 0.916667 0.083333
CGGACCTG 0.000000 0.794574 0.000000 0.794574 0.205426
CATCGCGG 0.000000 0.655172 0.000000 0.655172 0.344828
GAGCGTAT 0.000000 0.833333 0.000000 0.833333 0.166667
GAGCCATC 0.000000 0.981481 0.000000 0.981481 0.018519
TCAGTAGT 0.000000 0.885714 0.000000 0.885714 0.114286
CGTACGTC 0.000000 0.447761 0.000000 0.447761 0.552239
GTTCTAGA 0.000000 0.634615 0.000000 0.634615 0.365385
GAGCCATG 0.000000 0.520000 0.000000 0.520000 0.480000
CGTACGTG 0.000000 0.769231 0.000000 0.769231 0.230769
TACAGTGC 0.000000 0.407407 0.000000 0.407407 0.592593
CATAGATA 0.000000 0.897436 0.000000 0.897436 0.102564
CTGATGTA 0.000000 0.436975 0.000000 0.436975 0.563025
TGTCTGTA 0.000000 0.569182 0.000000 0.569182 0.430818
GACCAGTA 0.000000 0.375000 0.000000 0.375000 0.625000
TCGTTCAC 0.000000 0.206452 0.000000 0.206452 0.793548
CTGATGTC 0.000000 0.838384 0.000000 0.838384 0.161616
TGTGCGAG 0.000000 0.218638 0.000000 0.218638 0.781362
TGTCTGTC 0.000000 0.798295 0.000000 0.798295 0.201705
TACAGTGG 0.000000 0.325301 0.000000 0.325301 0.674699
CATCGCGT 0.000000 0.449664 0.000000 0.449664 0.550336
ATTCGAAC 0.000000 0.954545 0.000000 0.954545 0.045455
TGTCTGTG 0.000000 0.745066 0.000000 0.745066 0.254934
CGCTGAGC 0.000000 0.336364 0.000000 0.336364 0.663636
AAGACAAA 0.000000 0.750000 0.000000 0.750000 0.250000
TCTTGGCG 0.000000 0.925781 0.000000 0.925781 0.074219
ATGCTTCC 0.000000 0.857143 0.000000 0.857143 0.142857
ATACAAAC 0.000000 0.366935 0.000000 0.366935 0.633065
GCGCGTCA 0.000000 1.000000 0.000000 1.000000 0.000000
TAGAGCGC 0.000000 0.600000 0.000000 0.600000 0.400000
CACATAGA 0.000000 0.695652 0.000000 0.695652 0.304348
GCCGAACG 0.000000 0.809524 0.000000 0.809524 0.190476
TATGGAAT 0.000000 0.264706 0.000000 0.264706 0.735294
GGACAAAC 0.000000 0.348018 0.000000 0.348018 0.651982
GTGACATC 0.000000 0.943548 0.000000 0.943548 0.056452
ATACTAGT 0.000000 0.680000 0.000000 0.680000 0.320000
GCACGAGT 0.000000 0.464286 0.000000 0.464286 0.535714
ACGATCTC 0.000000 0.739437 0.000000 0.739437 0.260563
ACAGCGTA 0.000000 0.714286 0.000000 0.714286 0.285714
TCGGTTCA 0.000000 0.611111 0.000000 0.611111 0.388889
CTCAGATA 0.000000 0.835821 0.000000 0.835821 0.164179
ATGTCAGA 0.000000 0.928571 0.000000 0.928571 0.071429
CTCAGATC 0.000000 0.217391 0.000000 0.217391 0.782609
CCAATCCG 0.000000 0.732673 0.000000 0.732673 0.267327
GGACCGGA 0.000000 0.081633 0.000000 0.081633 0.918367
GTAGACGA 0.000000 0.727273 0.000000 0.727273 0.272727
TCGGTTCG 0.000000 0.272727 0.000000 0.272727 0.727273
CAGGCGCG 0.000000 0.813333 0.000000 0.813333 0.186667
TGTATTTT 0.000000 0.984127 0.000000 0.984127 0.015873
GTAGACGC 0.000000 0.476190 0.000000 0.476190 0.523810
GGACCGGG 0.000000 0.983516 0.000000 0.983516 0.016484
GACGAACA 0.000000 0.875000 0.000000 0.875000 0.125000
TGTGTACA 0.000000 0.582160 0.000000 0.582160 0.417840
TCGCGCTG 0.000000 0.193548 0.000000 0.193548 0.806452
TTCTCCGT 0.000000 0.924419 0.000000 0.924419 0.075581
GACGAACG 0.000000 0.750000 0.000000 0.750000 0.250000
AACGGACA 0.000000 0.968750 0.000000 0.968750 0.031250
AACGTAAA 0.000000 0.866667 0.000000 0.866667 0.133333
TCGATCGC 0.000000 0.363636 0.000000 0.363636 0.636364
AACGGACC 0.000000 0.857143 0.000000 0.857143 0.142857
GTGCGGAT 0.000000 0.333333 0.000000 0.333333 0.666667
AACGTAAC 0.000000 0.219512 0.000000 0.219512 0.780488
GTAGACGT 0.000000 0.529412 0.000000 0.529412 0.470588
ACCTTGCC 0.000000 0.648352 0.000000 0.648352 0.351648
GACGAACT 0.000000 0.200000 0.000000 0.200000 0.800000
TGTGTACT 0.000000 0.512195 0.000000 0.512195 0.487805
GTCGTATC 0.000000 0.945803 0.000000 0.945803 0.054197
TCGATCGT 0.000000 0.913043 0.000000 0.913043 0.086957
CTAGATCG 0.000000 0.907407 0.000000 0.907407 0.092593
TAGGTTCG 0.000000 0.575758 0.000000 0.575758 0.424242
AACAAGAC 0.000000 0.448276 0.000000 0.448276 0.551724
TACTGTCG 0.000000 0.268293 0.000000 0.268293 0.731707
GTGAGTAT 0.000000 0.528571 0.000000 0.528571 0.471429
GTATGAAC 0.000000 0.863636 0.000000 0.863636 0.136364
CTCCGCGC 0.000000 0.903846 0.000000 0.903846 0.096154
GTAACGCA 0.000000 0.707547 0.000000 0.707547 0.292453
GTCAAGTC 0.000000 0.687500 0.000000 0.687500 0.312500
CTATACAG 0.000000 0.789189 0.000000 0.789189 0.210811
CCGTAGAC 0.000000 0.680000 0.000000 0.680000 0.320000
GGCGAAGG 0.000000 0.690608 0.000000 0.690608 0.309392
CCGTAGAG 0.000000 0.631579 0.000000 0.631579 0.368421
AGACGACA 0.000000 0.461538 0.000000 0.461538 0.538462
ACCGTACG 0.000000 0.145833 0.000000 0.145833 0.854167
TATTTGAC 0.000000 0.954198 0.000000 0.954198 0.045802
GCACTAGT 0.000000 0.454545 0.000000 0.454545 0.545455
AGACGACG 0.000000 0.793919 0.000000 0.793919 0.206081
AGACTAAG 0.000000 0.025641 0.000000 0.025641 0.974359
TAGTTCAT 0.000000 0.722222 0.000000 0.722222 0.277778
ATACCGGT 0.000000 0.725000 0.000000 0.725000 0.275000
CCGTAGAT 0.000000 0.480000 0.000000 0.480000 0.520000
ACCGTACT 0.000000 0.482759 0.000000 0.482759 0.517241
ATCAGGTT 0.000000 0.555556 0.000000 0.555556 0.444444
TCGAACAA 0.000000 0.842105 0.000000 0.842105 0.157895
CGGTAGCT 0.000000 0.761905 0.000000 0.761905 0.238095
TGCTGTGA 0.000000 0.185841 0.000000 0.185841 0.814159
CGATTCAA 0.000000 0.961538 0.000000 0.961538 0.038462
TCGAACAG 0.000000 0.541667 0.000000 0.541667 0.458333
ATAGTCGA 0.000000 0.454545 0.000000 0.454545 0.545455
TCACAGTC 0.000000 0.666667 0.000000 0.666667 0.333333
ATAGACAC 0.000000 0.219048 0.000000 0.219048 0.780952
TCACAGTG 0.000000 0.241379 0.000000 0.241379 0.758621
CAAGCATA 0.000000 0.500000 0.000000 0.500000 0.500000
TCTCTGTA 0.000000 0.757455 0.000000 0.757455 0.242545
ATAGACAG 0.000000 0.760563 0.000000 0.760563 0.239437
GTTCAACA 0.000000 0.941176 0.000000 0.941176 0.058824
TCTCTGTC 0.000000 0.757282 0.000000 0.757282 0.242718
AATATGTA 0.000000 0.513043 0.000000 0.513043 0.486957
GGACCTTC 0.000000 0.457944 0.000000 0.457944 0.542056
TGTGCGCG 0.000000 0.790698 0.000000 0.790698 0.209302
AACGCGAA 0.000000 0.250000 0.000000 0.250000 0.750000
ATTCGACA 0.000000 0.533333 0.000000 0.533333 0.466667
CATATATG 0.000000 0.422819 0.000000 0.422819 0.577181
GCATCTAC 0.000000 0.709524 0.000000 0.709524 0.290476
AAGACACA 0.000000 0.985714 0.000000 0.985714 0.014286
ATAGACAT 0.000000 0.483516 0.000000 0.483516 0.516484
TATGGACG 0.000000 0.927273 0.000000 0.927273 0.072727
TCTTTGCC 0.000000 0.517544 0.000000 0.517544 0.482456
ATTCGACG 0.000000 0.730769 0.000000 0.730769 0.269231
TAGCGCTG 0.000000 0.863388 0.000000 0.863388 0.136612
TGTGCGCT 0.000000 0.450935 0.000000 0.450935 0.549065
TCGTTCCT 0.000000 0.497382 0.000000 0.497382 0.502618
GTCGCGTC 0.000000 0.832370 0.000000 0.832370 0.167630
CTTTGCCC 0.000000 0.925581 0.000000 0.925581 0.074419
ATGTACTC 0.000000 0.171429 0.000000 0.171429 0.828571
AACCTGTT 0.000000 0.953704 0.000000 0.953704 0.046296
TATAAGAC 0.000000 0.564815 0.000000 0.564815 0.435185
GAAGGCGA 0.000000 0.813333 0.000000 0.813333 0.186667
