AGACCGAC 0.189320 0.000000 0.101942 0.708738
GCAGCTCA 0.000000 0.129534 0.629534 0.240933
GCGTTTAT 0.262032 0.486631 0.251337 0.000000
TGGAACAT 0.233766 0.519481 0.246753 0.000000
CAGACCAT 0.500000 0.200000 0.300000 0.000000
GAACAAGA 0.000000 0.187500 0.437500 0.375000
AGCCTCGT 0.276364 0.414545 0.309091 0.000000
GGCCTATA 0.000000 0.233244 0.683646 0.083110
GCATTTGT 0.121649 0.649485 0.228866 0.000000
GATAGACA 0.000000 0.442953 0.389262 0.167785
GTAAACGT 0.118421 0.618421 0.263158 0.000000
ACGGGACC 0.413462 0.000000 0.115385 0.471154
AACATGTA 0.000000 0.278571 0.407143 0.314286
GGTCGCGC 0.109375 0.000000 0.312500 0.578125
CAAACCGT 0.145455 0.563636 0.290909 0.000000
CAACACAG 0.702703 0.189189 0.000000 0.108108
ATGTGAGT 0.346667 0.466667 0.186667 0.000000
CTGACTCT 0.344262 0.426230 0.229508 0.000000
AGTAAACG 0.679487 0.141026 0.000000 0.179487
ATAAGACA 0.000000 0.312500 0.312500 0.375000
GGGATAAG 0.515152 0.363636 0.000000 0.121212
ATATACAA 0.000000 0.277778 0.266667 0.455556
AGACGTAT 0.238095 0.571429 0.190476 0.000000
TGATGTGA 0.000000 0.165138 0.587156 0.247706
GCGGATAT 0.261905 0.261905 0.476190 0.000000
TCCATACC 0.230769 0.000000 0.107692 0.661538
AACATAAG 0.519231 0.153846 0.000000 0.326923
GACGAACA 0.000000 0.175000 0.641667 0.183333
TCACAGAT 0.178819 0.487847 0.333333 0.000000
CGCGCCTG 0.559211 0.171053 0.000000 0.269737
ACTCCGCG 0.454545 0.363636 0.000000 0.181818
ACATCACT 0.114407 0.771186 0.114407 0.000000
TCATCATC 0.312500 0.000000 0.275000 0.412500
CAAAACAG 0.787879 0.090909 0.000000 0.121212
AGTGTAGA 0.000000 0.206452 0.525806 0.267742
TCGTGTCT 0.315789 0.605263 0.078947 0.000000
CGGTGAGA 0.000000 0.105263 0.605263 0.289474
CATCGATA 0.000000 0.108761 0.785498 0.105740
ATCACTCG 0.739130 0.097826 0.000000 0.163043
GTGTGCGC 0.460317 0.000000 0.174603 0.365079
GAGTGTAT 0.212389 0.430678 0.356932 0.000000
TCGATGAT 0.254717 0.641509 0.103774 0.000000
AGACGATG 0.850000 0.037500 0.000000 0.112500
CGTGTCAC 0.133333 0.000000 0.455556 0.411111
CAGATGCT 0.074468 0.829787 0.095745 0.000000
GCTTCACA 0.000000 0.190019 0.625720 0.184261
CGACAGGG 0.453488 0.325581 0.000000 0.220930
TTGTCCAC 0.263441 0.000000 0.473118 0.263441
AACACAAT 0.307692 0.487179 0.205128 0.000000
ATTCGAAC 0.342466 0.000000 0.287671 0.369863
GTATCACA 0.000000 0.319728 0.523810 0.156463
TGATCACA 0.000000 0.119266 0.788991 0.091743
AAAATGTG 0.569106 0.321138 0.000000 0.109756
GCACTCAT 0.341030 0.394316 0.264654 0.000000
CAATCCGG 0.817073 0.036585 0.000000 0.146341
CGCCGAGC 0.283019 0.000000 0.188679 0.528302
GTACGTCT 0.121813 0.810198 0.067989 0.000000
CTGATGCA 0.000000 0.087912 0.549451 0.362637
CTTGCCCT 0.189732 0.622768 0.187500 0.000000
GCAAGGCA 0.000000 0.277778 0.416667 0.305556
ATCACGCA 0.000000 0.491525 0.271186 0.237288
TGAACGCC 0.164706 0.000000 0.123529 0.711765
AACATGCG 0.800000 0.040000 0.000000 0.160000
GTAGTTCA 0.000000 0.188406 0.376812 0.434783
ACCATGCC 0.338983 0.000000 0.135593 0.525424
ATGTATGA 0.000000 0.109890 0.593407 0.296703
GACATGCC 0.294798 0.000000 0.098266 0.606936
CGCGTATG 0.514894 0.289362 0.000000 0.195745
GATATCCT 0.267516 0.452229 0.280255 0.000000
CTCTCGTG 0.557971 0.166667 0.000000 0.275362
ATCCGTAG 0.808219 0.082192 0.000000 0.109589
GGGGCTAT 0.503759 0.285714 0.210526 0.000000
TAAGGTTC 0.203488 0.000000 0.279070 0.517442
GAGCAGCA 0.000000 0.077181 0.768456 0.154362
AGCGCACA 0.000000 0.285714 0.520408 0.193878
ACGTCAGA 0.000000 0.225000 0.387500 0.387500
GTGTGCTC 0.339286 0.000000 0.205357 0.455357
GAGTCAGA 0.000000 0.166667 0.500000 0.333333
TACACGTC 0.150307 0.000000 0.125767 0.723926
CCTCGACC 0.145455 0.000000 0.127273 0.727273
ATATAGAC 0.277228 0.000000 0.175743 0.547030
CGGTTCGT 0.264706 0.500000 0.235294 0.000000
CATACGGG 0.500000 0.371212 0.000000 0.128788
TGTGTGAT 0.338710 0.274194 0.387097 0.000000
CACTAAAA 0.000000 0.356322 0.517241 0.126437
ATTACAAT 0.250000 0.593750 0.156250 0.000000
AGTGATCG 0.832168 0.048951 0.000000 0.118881
TCATGCTA 0.000000 0.232258 0.619355 0.148387
CATAGATA 0.000000 0.137255 0.764706 0.098039
AGTCGCTG 0.278481 0.177215 0.000000 0.544304
TGAGCTAC 0.239726 0.000000 0.226027 0.534247
CGGATGTG 0.742857 0.057143 0.000000 0.200000
GTGTAGCT 0.203125 0.593750 0.203125 0.000000
TCGTCGAT 0.093750 0.552083 0.354167 0.000000
GCAGTAGT 0.145833 0.708333 0.145833 0.000000
CAGTCGCT 0.220339 0.627119 0.152542 0.000000
TGCACATG 0.466102 0.250000 0.000000 0.283898
ATTAGAAC 0.212121 0.000000 0.272727 0.515152
AACGCATG 0.579545 0.215909 0.000000 0.204545
ACGATATA 0.000000 0.126126 0.801802 0.072072
ACAGATGA 0.000000 0.089286 0.732143 0.178571
CCCTTTGT 0.358696 0.266304 0.375000 0.000000
TAAGTGTA 0.000000 0.082192 0.680365 0.237443
ACCTGCAA 0.000000 0.123288 0.671233 0.205479
TCGTGGAC 0.205882 0.000000 0.088235 0.705882
AGTATGAC 0.159091 0.000000 0.068182 0.772727
TGTGAACA 0.000000 0.007634 0.893130 0.099237
GTGCAAGT 0.207547 0.528302 0.264151 0.000000
CAATCATT 0.191257 0.393443 0.415301 0.000000
TGATGTCG 0.673077 0.153846 0.000000 0.173077
GTCTGTCA 0.000000 0.150997 0.609687 0.239316
TGCTGTCA 0.000000 0.104072 0.751131 0.144796
AGAGCACG 0.602273 0.318182 0.000000 0.079545
GTCACTAT 0.317460 0.365079 0.317460 0.000000
CGAGCAGC 0.170370 0.000000 0.244444 0.585185
AGTGTATA 0.000000 0.160714 0.723214 0.116071
AGGACAAA 0.000000 0.217054 0.449612 0.333333
CTCATACA 0.000000 0.065041 0.691057 0.243902
TCCAGCAC 0.057143 0.000000 0.200000 0.742857
CGTCTCAC 0.146667 0.000000 0.173333 0.680000
TAAGGCCA 0.000000 0.173077 0.471154 0.355769
ACAGTGAC 0.143836 0.000000 0.116438 0.739726
TCACATAC 0.126582 0.000000 0.189873 0.683544
CCTTCATA 0.000000 0.500000 0.375000 0.125000
ATAGACCG 0.727273 0.151515 0.000000 0.121212
TCATAGAG 0.686275 0.156863 0.000000 0.156863
CAGCAGTA 0.000000 0.133333 0.716667 0.150000
CAAGATAT 0.347826 0.282609 0.369565 0.000000
GCAGACAG 0.744898 0.051020 0.000000 0.204082
GTCAGTAC 0.144231 0.000000 0.187500 0.668269
CTATCATA 0.000000 0.363014 0.472603 0.164384
GCCGACAA 0.000000 0.166667 0.350000 0.483333
GTCGCTGG 0.566265 0.180723 0.000000 0.253012
TCTACTGA 0.000000 0.090909 0.761364 0.147727
AGGACTCG 0.617647 0.093137 0.000000 0.289216
GAGCTACG 0.696429 0.178571 0.000000 0.125000
GTCACATG 0.647059 0.156863 0.000000 0.196078
TCGACATC 0.189655 0.000000 0.379310 0.431034
GCCTGCGG 0.521739 0.043478 0.000000 0.434783
AGCACGTG 0.452055 0.260274 0.000000 0.287671
CAACAAGG 0.519288 0.231454 0.000000 0.249258
TCATGCCG 0.660000 0.160000 0.000000 0.180000
ATAGAGTC 0.258065 0.000000 0.290323 0.451613
GCAGAGCT 0.075000 0.850000 0.075000 0.000000
CACATGTC 0.451613 0.000000 0.193548 0.354839
TAGAACCT 0.112360 0.786517 0.101124 0.000000
CATTACAG 0.765957 0.063830 0.000000 0.170213
GACTGCAA 0.000000 0.310345 0.482759 0.206897
CTTCGCCC 0.080402 0.000000 0.211055 0.708543
AAGAACAT 0.050000 0.733333 0.216667 0.000000
AGACCATA 0.000000 0.105820 0.645503 0.248677
GAGAGTGT 0.121622 0.783784 0.094595 0.000000
ACCGGGGC 0.388350 0.000000 0.135922 0.475728
ACGTACAC 0.219298 0.000000 0.250000 0.530702
GGGACAGG 0.495238 0.161905 0.000000 0.342857
CTCGTGAG 0.475073 0.290323 0.000000 0.234604
GTATGTCG 0.600000 0.109091 0.000000 0.290909
CTTTATCG 0.519380 0.286822 0.000000 0.193798
TGTGCATC 0.209016 0.000000 0.286885 0.504098
TAGTGTCA 0.000000 0.124871 0.295150 0.579979
TTCGAACC 0.187500 0.000000 0.208333 0.604167
GGGCCTAT 0.236066 0.491803 0.272131 0.000000
GTAGGATA 0.000000 0.162162 0.729730 0.108108
GTCTCTAG 0.684615 0.053846 0.000000 0.261538
ATGTATCG 0.877301 0.042945 0.000000 0.079755
TGCTCTAG 0.567568 0.243243 0.000000 0.189189
CGTCAGTT 0.245763 0.533898 0.220339 0.000000
AACGTGAA 0.000000 0.270000 0.410000 0.320000
GTAGTCGT 0.224138 0.646552 0.129310 0.000000
TCATCTGC 0.219048 0.000000 0.323810 0.457143
GACAAACA 0.000000 0.251082 0.551948 0.196970
CACTCACT 0.488722 0.447368 0.063910 0.000000
ACTCGTCA 0.000000 0.219653 0.554913 0.225434
CATCGTGA 0.000000 0.188525 0.639344 0.172131
GATCGTCA 0.000000 0.108696 0.815217 0.076087
ATCTAGTG 0.493056 0.173611 0.000000 0.333333
AGTGTACG 0.690217 0.125000 0.000000 0.184783
CGTGTAGC 0.274194 0.000000 0.225806 0.500000
GTTTACTT 0.264151 0.484277 0.251572 0.000000
CACTCGTC 0.050000 0.000000 0.100000 0.850000
TCATATCA 0.000000 0.160494 0.697531 0.141975
GCAGTCTG 0.342803 0.479167 0.000000 0.178030
TGTCTGAT 0.187328 0.443526 0.369146 0.000000
GAACTCAA 0.000000 0.176471 0.529412 0.294118
GGCGACTC 0.403846 0.000000 0.307692 0.288462
ACATATAA 0.000000 0.142857 0.457143 0.400000
CTAGACTC 0.233333 0.000000 0.366667 0.400000
AGTCATCG 0.659864 0.183673 0.000000 0.156463
CGTCATGC 0.151515 0.000000 0.136364 0.712121
AGTTCGAC 0.219355 0.000000 0.245161 0.535484
CAGACAGT 0.144444 0.611111 0.244444 0.000000
TTAGAGGT 0.263158 0.552632 0.184211 0.000000
TCTGTCAC 0.287037 0.000000 0.203704 0.509259
TAGACATG 0.617257 0.212389 0.000000 0.170354
CGCGCTGT 0.293103 0.482759 0.224138 0.000000
ACGACGTC 0.178571 0.000000 0.357143 0.464286
CTATCACG 0.689655 0.103448 0.000000 0.206897
GCACTAGT 0.180000 0.500000 0.320000 0.000000
CAGAAGTA 0.000000 0.139752 0.512422 0.347826
CCGTAACA 0.000000 0.242105 0.536842 0.221053
ATATAAGA 0.000000 0.289634 0.326220 0.384146
GTTCAACA 0.000000 0.161290 0.693548 0.145161
ACGCGCAG 0.514019 0.172897 0.000000 0.313084
GATAAGGC 0.282895 0.000000 0.276316 0.440789
CAGTGGAT 0.173913 0.434783 0.391304 0.000000
CCGGGCCT 0.095238 0.809524 0.095238 0.000000
CTAGTTCG 0.637584 0.174497 0.000000 0.187919
TATCATAT 0.225806 0.376344 0.397849 0.000000
AAACGTCT 0.216374 0.725146 0.058480 0.000000
TAGATGAA 0.000000 0.076923 0.461538 0.461538
AACACAGG 0.766667 0.116667 0.000000 0.116667
TATGCCAT 0.437500 0.500000 0.062500 0.000000
GGTTCATT 0.070000 0.740000 0.190000 0.000000
TTCATCAT 0.333333 0.416667 0.250000 0.000000
TTTAGCAG 0.463277 0.248588 0.000000 0.288136
GTAGACAT 0.195402 0.637931 0.166667 0.000000
AGAACATA 0.000000 0.387755 0.551020 0.061224
ACGCGAAT 0.128319 0.725664 0.146018 0.000000
CTCAGTCT 0.040280 0.928196 0.031524 0.000000
AGACTCTC 0.234043 0.000000 0.255319 0.510638
TGCCCTGG 0.368627 0.482353 0.000000 0.149020
GAGTCACG 0.361111 0.388889 0.000000 0.250000
CTAGTAAA 0.000000 0.266667 0.640000 0.093333
ACTCAGTC 0.066176 0.000000 0.026961 0.906863
CAAGGCAC 0.457490 0.000000 0.129555 0.412955
GAAGTAGA 0.000000 0.168224 0.420561 0.411215
ATATGCAT 0.158537 0.725610 0.115854 0.000000
CAGACATT 0.100000 0.700000 0.200000 0.000000
ATACAGTC 0.075000 0.000000 0.425000 0.500000
GCCTGCTG 0.530303 0.212121 0.000000 0.257576
ACTAGTCA 0.000000 0.096886 0.813149 0.089965
GATAGTCA 0.000000 0.076923 0.750000 0.173077
GCCATCGA 0.000000 0.041667 0.875000 0.083333
CCAACTTA 0.000000 0.100000 0.612500 0.287500
ATGTGTGT 0.153846 0.692308 0.153846 0.000000
TCTGATGC 0.336538 0.000000 0.326923 0.336538
CACGGAGT 0.310160 0.267380 0.422460 0.000000
CTAAGAAT 0.229508 0.639344 0.131148 0.000000
AGTCAGCA 0.000000 0.095823 0.680590 0.223587
AAACGGAC 0.170370 0.000000 0.325926 0.503704
AGTTCAGA 0.000000 0.153846 0.711538 0.134615
GCCCTGGC 0.396135 0.000000 0.299517 0.304348
GTAGCGTG 0.490814 0.257218 0.000000 0.251969
ATACCGAA 0.000000 0.080645 0.774194 0.145161
TAACTAAG 0.563636 0.066667 0.000000 0.369697
TCAGTGAT 0.263736 0.532967 0.203297 0.000000
ACAGATCG 0.828571 0.100000 0.000000 0.071429
CACGATGA 0.000000 0.144578 0.453815 0.401606
GGACAGAA 0.000000 0.133333 0.450000 0.416667
ACACGCTG 0.593220 0.135593 0.000000 0.271186
GCTAGAGA 0.000000 0.436782 0.402299 0.160920
GTACTCGT 0.119048 0.716117 0.164835 0.000000
GCACGCTC 0.169399 0.000000 0.289617 0.540984
GTTACAGC 0.070423 0.000000 0.154930 0.774648
TCGCCTGC 0.219697 0.000000 0.303030 0.477273
TATATACC 0.213904 0.000000 0.117647 0.668449
CTCTGTCG 0.841584 0.049505 0.000000 0.108911
ATGGAACG 0.695652 0.152174 0.000000 0.152174
TCTCAGGT 0.275862 0.551724 0.172414 0.000000
TCTACAAA 0.000000 0.301075 0.569892 0.129032
ACGAGCAG 0.651007 0.147651 0.000000 0.201342
CGTGTATC 0.089362 0.000000 0.093617 0.817021
AGATACCA 0.000000 0.260341 0.540146 0.199513
CTAGCGAC 0.298611 0.000000 0.187500 0.513889
GGTCCCCC 0.355049 0.000000 0.407166 0.237785
CTAGTGCA 0.000000 0.119792 0.697917 0.182292
TCGTGATA 0.000000 0.010753 0.946237 0.043011
ATGTCACT 0.123810 0.819048 0.057143 0.000000
TAGTCGAA 0.000000 0.142857 0.476190 0.380952
TTCGACAG 0.664286 0.057143 0.000000 0.278571
CACTGAAT 0.620000 0.310000 0.070000 0.000000
GAACGATT 0.044118 0.911765 0.044118 0.000000
CTGCGGGA 0.000000 0.407407 0.222222 0.370370
TGGTAATG 0.526316 0.315789 0.000000 0.157895
TCACAGTG 0.666667 0.148148 0.000000 0.185185
TGATCTCA 0.000000 0.287179 0.400000 0.312821
AGGGCCTC 0.106557 0.000000 0.344262 0.549180
GCATCAGT 0.127907 0.796512 0.075581 0.000000
TCTACTCG 0.571429 0.081633 0.000000 0.346939
AACCGGGG 0.455172 0.420690 0.000000 0.124138
GCTCGATA 0.000000 0.239130 0.739130 0.021739
ACTCGCGT 0.176471 0.588235 0.235294 0.000000
TCGACTGC 0.309091 0.000000 0.187879 0.503030
GCGTGAAC 0.190476 0.000000 0.119048 0.690476
CAGGATAG 0.545455 0.227273 0.000000 0.227273
CTCACGAT 0.156250 0.437500 0.406250 0.000000
TCGATGTG 0.568627 0.348039 0.000000 0.083333
CTCCTTCA 0.000000 0.086957 0.362319 0.550725
GCATGAGC 0.202703 0.000000 0.211712 0.585586
ACTGTCGA 0.000000 0.083333 0.666667 0.250000
AATAAGTG 0.600985 0.167488 0.000000 0.231527
CAGTCTAT 0.308824 0.411765 0.279412 0.000000
GCTCACAT 0.197561 0.587805 0.214634 0.000000
AGTCGACC 0.116279 0.000000 0.116279 0.767442
ATAGTCGA 0.000000 0.048780 0.902439 0.048780
TCATTACA 0.000000 0.159091 0.734848 0.106061
CTCAGGAC 0.261538 0.000000 0.030769 0.707692
GTACACAT 0.121107 0.560554 0.318339 0.000000
TATCGCAC 0.227586 0.000000 0.172414 0.600000
TCTACGCA 0.000000 0.240000 0.380000 0.380000
TAGGCAAG 0.604167 0.156250 0.000000 0.239583
TGCGCGCG 0.709091 0.163636 0.000000 0.127273
TGCCGACA 0.000000 0.146552 0.612069 0.241379
GCTAGATA 0.000000 0.056000 0.888000 0.056000
CAGTGTAC 0.300699 0.000000 0.104895 0.594406
GGACGAAC 0.251572 0.000000 0.153040 0.595388
TTTCCCAA 0.000000 0.223602 0.614907 0.161491
CGTCAAAC 0.263158 0.000000 0.157895 0.578947
GTCACGGA 0.000000 0.280654 0.474114 0.245232
TATCTCAG 0.530864 0.123457 0.000000 0.345679
AAGACACA 0.000000 0.287500 0.337500 0.375000
CATGTCAT 0.494253 0.373563 0.132184 0.000000
AGCGCTCA 0.000000 0.324675 0.428571 0.246753
GAGTCTGA 0.000000 0.202899 0.289855 0.507246
TCTCGTAG 0.760870 0.100000 0.000000 0.139130
TACTCTCG 0.700461 0.124424 0.000000 0.175115
ATCATATC 0.300000 0.000000 0.350000 0.350000
CAGTCATG 0.594937 0.291139 0.000000 0.113924
CATCGTCG 0.549865 0.140162 0.000000 0.309973
CCTCGTCC 0.552632 0.000000 0.184211 0.263158
CTCGACAT 0.260870 0.652174 0.086957 0.000000
CGAACATC 0.242424 0.000000 0.257576 0.500000
TCGTGACG 0.488095 0.202381 0.000000 0.309524
GGGCGGTG 0.285714 0.357143 0.000000 0.357143
AGCAACTG 0.427184 0.194175 0.000000 0.378641
GTGCCTCA 0.000000 0.268293 0.463415 0.268293
CACCGAGT 0.175896 0.205212 0.618893 0.000000
AGTGACGC 0.150685 0.000000 0.164384 0.684932
TCAGGCGA 0.000000 0.097561 0.804878 0.097561
CGCACTGT 0.127273 0.636364 0.236364 0.000000
TCCTCAGG 0.740741 0.074074 0.000000 0.185185
CGACCGGT 0.265823 0.506329 0.227848 0.000000
GGACCGCT 0.060345 0.818966 0.120690 0.000000
GCAGATAT 0.583333 0.250000 0.166667 0.000000
ACATCGAC 0.240000 0.000000 0.000000 0.760000
AACTCGAA 0.000000 0.136364 0.500000 0.363636
GTGACGAG 0.563025 0.134454 0.000000 0.302521
GAGCACTC 0.313433 0.000000 0.119403 0.567164
AAGGCGAG 0.356322 0.379310 0.000000 0.264368
AGTACACT 0.180000 0.790000 0.030000 0.000000
CATGCTCA 0.000000 0.365079 0.317460 0.317460
ATGAGCAT 0.168142 0.628319 0.203540 0.000000
TGCCCAAG 0.463333 0.193333 0.000000 0.343333
CGTCTATC 0.223602 0.000000 0.534161 0.242236
AGGCAAAC 0.363636 0.000000 0.136364 0.500000
ATCGATAC 0.318471 0.000000 0.057325 0.624204
TATACCAT 0.571429 0.285714 0.142857 0.000000
ACATGTAT 0.148536 0.430962 0.420502 0.000000
GCAGAATG 0.500000 0.330357 0.000000 0.169643
CAGCGTGC 0.086580 0.000000 0.051948 0.861472
GCCGAATA 0.000000 0.230769 0.630769 0.138462
TCTGTAGC 0.220033 0.000000 0.259442 0.520525
GACGACGT 0.097248 0.579817 0.322936 0.000000
AGTCGCAG 0.860000 0.060000 0.000000 0.080000
ACGAACTC 0.226415 0.000000 0.377358 0.396226
TGCAGACA 0.000000 0.063158 0.810526 0.126316
ACAGGACC 0.179894 0.000000 0.084656 0.735450
AACGGACA 0.000000 0.216216 0.486486 0.297297
CATGATGT 0.165468 0.666667 0.167866 0.000000
TAACGGAT 0.150943 0.339623 0.509434 0.000000
GATGATCT 0.197970 0.746193 0.055838 0.000000
ATATGAGT 0.142857 0.642857 0.214286 0.000000
ACAGTACG 0.591623 0.251309 0.000000 0.157068
GTACCGTG 0.507463 0.149254 0.000000 0.343284
GACGTACA 0.000000 0.319231 0.515385 0.165385
CCGTAGAG 0.685185 0.129630 0.000000 0.185185
ACATGATG 0.637931 0.129310 0.000000 0.232759
CTCTCTCA 0.000000 0.129344 0.693050 0.177606
GTCGACGA 0.000000 0.176471 0.568627 0.254902
TGTCGACT 0.170000 0.760000 0.070000 0.000000
GCCATCCG 0.722222 0.111111 0.000000 0.166667
GACCATCA 0.000000 0.150602 0.572289 0.277108
GACTGATA 0.000000 0.154762 0.666667 0.178571
AGTCGAAT 0.100000 0.750000 0.150000 0.000000
ATCTCATC 0.207792 0.000000 0.129870 0.662338
CTGGCTCG 0.565957 0.182979 0.000000 0.251064
GGGACTGG 0.424242 0.333333 0.000000 0.242424
GGATCGTA 0.000000 0.064516 0.822581 0.112903
CCCCCCTT 0.337500 0.166667 0.495833 0.000000
GTGACTCA 0.000000 0.188406 0.688406 0.123188
GCTACGTG 0.488235 0.147059 0.000000 0.364706
CTCGCGTG 0.862069 0.086207 0.000000 0.051724
TCATGTCT 0.175097 0.785992 0.038911 0.000000
CATCTCAT 0.151515 0.636364 0.212121 0.000000
GAATGTAT 0.213793 0.400000 0.386207 0.000000
CGACAGAG 0.605809 0.095436 0.000000 0.298755
GGATCAAG 0.595238 0.226190 0.000000 0.178571
TCGAACGT 0.185185 0.518519 0.296296 0.000000
GTCTATCT 0.136126 0.801047 0.062827 0.000000
TGCTATCT 0.123779 0.754072 0.122150 0.000000
ATGTACGC 0.333333 0.000000 0.166667 0.500000
TGTCGCCG 0.615385 0.173077 0.000000 0.211538
TAGTTCGA 0.000000 0.053435 0.671756 0.274809
AGAGTCAC 0.441860 0.000000 0.139535 0.418605
AATGTGGG 0.659193 0.215247 0.000000 0.125561
ACATCAGA 0.000000 0.117647 0.529412 0.352941
ACACTATA 0.000000 0.118182 0.736364 0.145455
GTATACAG 0.613924 0.117089 0.000000 0.268987
TCGTGTGA 0.000000 0.080000 0.600000 0.320000
CGCCGAAC 0.409836 0.000000 0.360656 0.229508
CCGGTGCC 0.195652 0.000000 0.239130 0.565217
GTCACAAG 0.742857 0.128571 0.000000 0.128571
ACACGTGT 0.460317 0.333333 0.206349 0.000000
TCTGTATC 0.158333 0.000000 0.108333 0.733333
TACGCACG 0.421348 0.275281 0.000000 0.303371
GAGACTCT 0.116505 0.543689 0.339806 0.000000
CGTATATC 0.200000 0.000000 0.333333 0.466667
ACTCATCT 0.366255 0.526749 0.106996 0.000000
TGGCTCGG 0.274775 0.518018 0.000000 0.207207
TGTGACGT 0.109589 0.561644 0.328767 0.000000
GCCGAACG 0.739130 0.108696 0.000000 0.152174
ACGTCTCG 0.638889 0.194444 0.000000 0.166667
GTGGTCTG 0.352332 0.295337 0.000000 0.352332
TTCAACAG 0.682927 0.170732 0.000000 0.146341
ATGTATAA 0.000000 0.190840 0.389313 0.419847
AGGATATC 0.257143 0.000000 0.333333 0.409524
TAGGACGA 0.000000 0.093023 0.767442 0.139535
GCTCGTGA 0.000000 0.093220 0.491525 0.415254
GCCTCACT 0.428571 0.449580 0.121849 0.000000
ATGCGAGT 0.297297 0.418919 0.283784 0.000000
ATATATGA 0.000000 0.108333 0.791667 0.100000
CACGTATA 0.000000 0.131783 0.689922 0.178295
AGATAGAT 0.133333 0.384848 0.481818 0.000000
TACGTCTC 0.210526 0.000000 0.368421 0.421053
AGTAGCAG 0.610619 0.190265 0.000000 0.199115
TGTGTACA 0.000000 0.254019 0.533762 0.212219
GTCGACTA 0.000000 0.139823 0.638938 0.221239
TGTCTGTG 0.622590 0.232782 0.000000 0.144628
ATCTGGGC 0.243421 0.000000 0.250000 0.506579
GTTCATCA 0.000000 0.207792 0.454545 0.337662
CTACGATG 0.588235 0.215686 0.000000 0.196078
TGTCATCA 0.000000 0.500000 0.394737 0.105263
TCTTTGCC 0.299145 0.000000 0.145299 0.555556
AAACCGGG 0.464286 0.321429 0.000000 0.214286
ACCTTCTT 0.218750 0.481250 0.300000 0.000000
AGACCTCG 0.200000 0.436364 0.000000 0.363636
GCCGTTCT 0.265306 0.517007 0.217687 0.000000
TCGTCACA 0.000000 0.328467 0.489051 0.182482
TAGACGTA 0.000000 0.205882 0.558824 0.235294
ACTATCGA 0.000000 0.146119 0.643836 0.210046
CGTTCATC 0.181818 0.000000 0.318182 0.500000
CGAGTACA 0.000000 0.177778 0.566667 0.255556
CTATCGCA 0.000000 0.119658 0.504274 0.376068
CGACATCA 0.000000 0.169811 0.679245 0.150943
CGATGATA 0.000000 0.227273 0.681818 0.090909
GCAGTCAG 0.737245 0.147959 0.000000 0.114796
GAATCAGA 0.000000 0.352941 0.388235 0.258824
CGGTTCAT 0.466667 0.333333 0.200000 0.000000
GTGCGCGC 0.172727 0.000000 0.045455 0.781818
GAGCGTAT 0.309091 0.490909 0.200000 0.000000
CATGTAGT 0.398058 0.466019 0.135922 0.000000
GATGTACT 0.257426 0.702970 0.039604 0.000000
TATGTATG 0.421875 0.406250 0.000000 0.171875
AACCGACA 0.000000 0.393939 0.434343 0.171717
ACGACGAC 0.166667 0.000000 0.264706 0.568627
CAGATGGA 0.000000 0.452830 0.283019 0.264151
CTCAGATA 0.000000 0.137421 0.797040 0.065539
GATGTGTC 0.179012 0.000000 0.444444 0.376543
CGCCTGCG 0.840708 0.058997 0.000000 0.100295
CATGCCGT 0.278947 0.566667 0.154386 0.000000
GAGTCTCG 0.528662 0.286624 0.000000 0.184713
CATATCAT 0.164773 0.630682 0.204545 0.000000
ATAGTGTC 0.113043 0.000000 0.086957 0.800000
GACCTACA 0.000000 0.252632 0.515789 0.231579
CTCATCGT 0.292517 0.482993 0.224490 0.000000
GTCATCCT 0.368421 0.447368 0.184211 0.000000
ACGTAGGT 0.346154 0.461538 0.192308 0.000000
CGAATGTG 0.500000 0.388889 0.000000 0.111111
TCATCGAT 0.085714 0.462857 0.451429 0.000000
GTCCACGA 0.000000 0.309735 0.477876 0.212389
CGCATGTA 0.000000 0.067568 0.862162 0.070270
GACTCGTG 0.601942 0.242718 0.000000 0.155340
CTTTGTCC 0.320000 0.000000 0.353333 0.326667
CATCCTCA 0.000000 0.109375 0.710938 0.179688
ATGATTCT 0.206897 0.758621 0.034483 0.000000
CGTCAGAT 0.134021 0.402062 0.463918 0.000000
ATGCATGA 0.000000 0.182609 0.521739 0.295652
TCAGGCCG 0.693878 0.061224 0.000000 0.244898
ACAGGCAG 0.673913 0.152174 0.000000 0.173913
GTGTAGGA 0.000000 0.000000 0.333333 0.666667
CTGGAGTT 0.311628 0.446512 0.241860 0.000000
GATATCGA 0.000000 0.119048 0.672619 0.208333
GAGTCGCA 0.000000 0.084416 0.785714 0.129870
CAACCAGT 0.300000 0.550000 0.150000 0.000000
GTCTAGAC 0.333333 0.000000 0.095238 0.571429
AGACAGGT 0.260870 0.652174 0.086957 0.000000
ACTAACAA 0.000000 0.096386 0.530120 0.373494
GCTAGTGA 0.000000 0.160000 0.500000 0.340000
TGTACTGC 0.158537 0.000000 0.158537 0.682927
TTCTCCTG 0.743243 0.114865 0.000000 0.141892
CACAATTA 0.000000 0.416667 0.458333 0.125000
TAGACGCG 0.469880 0.168675 0.000000 0.361446
ATGTACTC 0.132979 0.000000 0.590426 0.276596
GTGATAGT 0.346667 0.493333 0.160000 0.000000
TAGTTCTA 0.000000 0.299213 0.527559 0.173228
TGGATAGT 0.193548 0.580645 0.225806 0.000000
TCGGTTCA 0.000000 0.133333 0.666667 0.200000
GAGACGAC 0.103175 0.000000 0.182540 0.714286
GTGCGCTC 0.120172 0.000000 0.175966 0.703863
GCGATATG 0.750000 0.183333 0.000000 0.066667
TTAACTAA 0.000000 0.235772 0.317073 0.447154
GCAGTGCT 0.188679 0.735849 0.075472 0.000000
TCAGTGTG 0.571429 0.267857 0.000000 0.160714
ATACAGAC 0.317021 0.000000 0.206383 0.476596
GTGCTCTG 0.550000 0.245000 0.000000 0.205000
TGCGAGTC 0.327586 0.000000 0.155172 0.517241
TGTGACTT 0.192771 0.654618 0.152610 0.000000
AGTCACTC 0.077778 0.000000 0.566667 0.355556
TACACATA 0.000000 0.194757 0.528090 0.277154
AAGTTCAG 0.565217 0.173913 0.000000 0.260870
GTAGGGCA 0.000000 0.166667 0.757576 0.075758
ACGTGTAG 0.656250 0.135417 0.000000 0.208333
GCGTGTAC 0.208451 0.000000 0.109859 0.681690
CCACCCTC 0.472527 0.000000 0.285714 0.241758
TATACCGG 0.650000 0.100000 0.000000 0.250000
ACAAGACC 0.350649 0.000000 0.090909 0.558442
AACAGACA 0.000000 0.200000 0.580000 0.220000
ACCGTGAG 0.537736 0.160377 0.000000 0.301887
ACATACAC 0.384615 0.000000 0.107692 0.507692
CGAGCGCC 0.309091 0.000000 0.127273 0.563636
GTGAACAG 0.776471 0.105882 0.000000 0.117647
CTGTATAC 0.162791 0.000000 0.337209 0.500000
CATGTCTG 0.288660 0.371134 0.000000 0.340206
CACATAGA 0.000000 0.185567 0.711340 0.103093
TAGTAGAC 0.170455 0.000000 0.102273 0.727273
TGTGGTCT 0.267409 0.540390 0.192201 0.000000
CGACTACA 0.000000 0.115385 0.600000 0.284615
GTAAACGG 0.681818 0.181818 0.000000 0.136364
CTATATGC 0.285714 0.000000 0.342857 0.371429
GTAGTCAT 0.424581 0.486034 0.089385 0.000000
CAAACCGG 0.529412 0.235294 0.000000 0.235294
TCGCGGAC 0.194444 0.000000 0.138889 0.666667
TCATCTAC 0.302083 0.000000 0.270833 0.427083
CTAGTCTC 0.184211 0.000000 0.289474 0.526316
TACAGTGG 0.785714 0.071429 0.000000 0.142857
TATCGATC 0.162264 0.000000 0.298113 0.539623
TATACAGT 0.236607 0.642857 0.120536 0.000000
TCGCTGAG 0.471154 0.192308 0.000000 0.336538
ACTCTACT 0.200000 0.733333 0.066667 0.000000
CATCTAGT 0.234450 0.459330 0.306220 0.000000
CAGTGACA 0.000000 0.214286 0.547619 0.238095
AAGACTCA 0.000000 0.260274 0.321918 0.417808
CGCACGCT 0.150754 0.748744 0.100503 0.000000
TGTCACGT 0.128571 0.514286 0.357143 0.000000
ATACTACT 0.195652 0.641304 0.163043 0.000000
CGCGCTAT 0.186047 0.674419 0.139535 0.000000
ATTCGACA 0.000000 0.190476 0.666667 0.142857
GTATAAGG 0.398374 0.308943 0.000000 0.292683
TGCTAAGA 0.000000 0.133333 0.371429 0.495238
CTCTACAG 0.761468 0.073394 0.000000 0.165138
AAGGCCTT 0.253968 0.380952 0.365079 0.000000
TCGTGTCG 0.714286 0.126984 0.000000 0.158730
GACGGGAC 0.392857 0.000000 0.125000 0.482143
GAGTGTAG 0.790698 0.023256 0.000000 0.186047
TCAAGGGC 0.254237 0.000000 0.305085 0.440678
ATGCTAGA 0.000000 0.379310 0.436782 0.183908
ACCCGTCT 0.098039 0.776961 0.125000 0.000000
CAGATGCG 0.419847 0.167939 0.000000 0.412214
ACTATACT 0.141593 0.752212 0.106195 0.000000
ACGACAGA 0.000000 0.058824 0.782805 0.158371
CCTATTAA 0.000000 0.520161 0.306452 0.173387
TGCAAGGC 0.320225 0.000000 0.185393 0.494382
CGCGCATG 0.723404 0.191489 0.000000 0.085106
TTCCCCCC 0.401929 0.000000 0.273312 0.324759
CGGATCGT 0.161290 0.408602 0.430108 0.000000
ACCTGTTA 0.000000 0.098039 0.751634 0.150327
CCCCCCCC 0.269841 0.000000 0.288820 0.441339
CAGTCGTA 0.000000 0.170213 0.595745 0.234043
GCATATAG 0.464286 0.035714 0.000000 0.500000
GTACGTCG 0.520408 0.295918 0.000000 0.183673
TGTATACA 0.000000 0.215686 0.590686 0.193627
TCACGACT 0.055556 0.844444 0.100000 0.000000
GCTGATGT 0.453125 0.406250 0.140625 0.000000
TCGACGAT 0.137255 0.740196 0.122549 0.000000
GATATCCG 0.642857 0.142857 0.000000 0.214286
TTCGTCAG 0.691176 0.169118 0.000000 0.139706
GTAGATGT 0.250000 0.687500 0.062500 0.000000
GCCGTAGA 0.000000 0.191489 0.765957 0.042553
CGCGTGAA 0.000000 0.187500 0.531250 0.281250
TGAGATGT 0.211144 0.577713 0.211144 0.000000
TCAGTACA 0.000000 0.463277 0.372881 0.163842
AGACATGC 0.353448 0.000000 0.232759 0.413793
GCACTGCT 0.285714 0.588571 0.125714 0.000000
CGAATACA 0.000000 0.090000 0.670000 0.240000
CTCAGTGA 0.000000 0.073529 0.536765 0.389706
CCTGCTGA 0.000000 0.265060 0.614458 0.120482
GTCAGTCA 0.000000 0.220472 0.653543 0.125984
AGAAGTAG 0.682759 0.151724 0.000000 0.165517
ACAGGTCC 0.131579 0.000000 0.324561 0.543860
CATATAGT 0.340909 0.500000 0.159091 0.000000
GATATACT 0.137097 0.782258 0.080645 0.000000
ATCAAGGG 0.291667 0.572917 0.000000 0.135417
CGTGAGTG 0.573883 0.247423 0.000000 0.178694
ATATCCTA 0.000000 0.171779 0.754601 0.073620
GATCAAGA 0.000000 0.188679 0.377358 0.433962
CTAGCTGA 0.000000 0.059406 0.886139 0.054455
ATTCTCCT 0.225564 0.631579 0.142857 0.000000
GATATGTC 0.187500 0.000000 0.312500 0.500000
CAAGTTGG 0.700000 0.060000 0.000000 0.240000
TGAGCTCA 0.000000 0.108434 0.674699 0.216867
CATACCGT 0.267483 0.551865 0.180653 0.000000
GCAGCAGT 0.170732 0.625436 0.203833 0.000000
GACGTTCA 0.000000 0.157895 0.736842 0.105263
TGTGGGAC 0.160883 0.000000 0.359621 0.479495
CCGTGCAA 0.000000 0.207627 0.584746 0.207627
ACGACATA 0.000000 0.150376 0.563910 0.285714
TGTCGTCT 0.297521 0.661157 0.041322 0.000000
TGTGTGAG 0.378378 0.054054 0.000000 0.567568
TGACTCAT 0.136842 0.610526 0.252632 0.000000
TCAGACGT 0.172727 0.600000 0.227273 0.000000
GTATATAT 0.177305 0.425532 0.397163 0.000000
TGATATAT 0.346278 0.190939 0.462783 0.000000
CTACTCTC 0.409396 0.000000 0.181208 0.409396
ATGATAGA 0.000000 0.119048 0.690476 0.190476
CACAGTGT 0.400000 0.472727 0.127273 0.000000
GTGTGATC 0.444444 0.000000 0.185185 0.370370
GACAGTCT 0.086957 0.856522 0.056522 0.000000
TCTCAGAT 0.247148 0.566540 0.186312 0.000000
GTGTAGCG 0.680556 0.129630 0.000000 0.189815
ATCGAACA 0.000000 0.178977 0.522727 0.298295
ACAAGCAG 0.670330 0.109890 0.000000 0.219780
ACGATCGC 0.196429 0.000000 0.214286 0.589286
GTTCACTT 0.319392 0.304183 0.376426 0.000000
TAGAGTCA 0.000000 0.359375 0.437500 0.203125
AGACATTC 0.191781 0.000000 0.123288 0.684932
GTGCAAGG 0.535294 0.223529 0.000000 0.241176
CCATCATC 0.318182 0.000000 0.318182 0.363636
GACCGGAC 0.300000 0.000000 0.050000 0.650000
AGATAGTG 0.440594 0.346535 0.000000 0.212871
AGCTAGTA 0.000000 0.179487 0.564103 0.256410
GATCGCAT 0.066667 0.533333 0.400000 0.000000
CTTTCAGA 0.000000 0.068966 0.620690 0.310345
GGATAGTC 0.208333 0.000000 0.416667 0.375000
ACTGTTCT 0.469136 0.333333 0.197531 0.000000
CTGAATGC 0.257143 0.000000 0.228571 0.514286
TCGACTAC 0.319444 0.000000 0.259259 0.421296
AGTGTCGC 0.092308 0.000000 0.169231 0.738462
GACGCTAC 0.271186 0.000000 0.207627 0.521186
CCTGGGCG 0.838095 0.076190 0.000000 0.085714
GTTCGTCT 0.057143 0.885714 0.057143 0.000000
AAGACCGT 0.328767 0.424658 0.246575 0.000000
GTCAAGTC 0.217391 0.000000 0.195652 0.586957
CCCTCTGT 0.211111 0.527778 0.261111 0.000000
ATAGTCAA 0.000000 0.250000 0.541667 0.208333
CGATCACA 0.000000 0.244000 0.620000 0.136000
TACAGAAG 0.486111 0.083333 0.000000 0.430556
GATGAACG 0.560606 0.257576 0.000000 0.181818
ACGTACCA 0.000000 0.031746 0.841270 0.126984
CACATACG 0.475728 0.165049 0.000000 0.359223
CGAACGCC 0.411765 0.000000 0.352941 0.235294
CGCCCTAT 0.356923 0.390769 0.252308 0.000000
AACGCGAA 0.000000 0.355263 0.460526 0.184211
TCGTCTCA 0.000000 0.258621 0.505747 0.235632
GCTATCAT 0.032967 0.835165 0.131868 0.000000
GCAGAGCG 0.352273 0.284091 0.000000 0.363636
TTCTATAG 0.615385 0.176923 0.000000 0.207692
TAGCAGTC 0.105991 0.000000 0.193548 0.700461
CTTACCTA 0.000000 0.290102 0.498294 0.211604
CTGTAGTG 0.609756 0.292683 0.000000 0.097561
CTCGTCAT 0.342246 0.219251 0.438503 0.000000
CGGTAGCT 0.191667 0.488889 0.319444 0.000000
TGTAGTCT 0.143939 0.757576 0.098485 0.000000
AAGAACAG 0.759036 0.084337 0.000000 0.156627
ACACTAAA 0.000000 0.421875 0.359375 0.218750
AGTAGTAT 0.300000 0.420000 0.280000 0.000000
CTCCGTCG 0.521739 0.108696 0.000000 0.369565
AGCTTTAT 0.204969 0.608696 0.186335 0.000000
ACGATCTC 0.204301 0.000000 0.473118 0.322581
AGCTCATT 0.141026 0.743590 0.115385 0.000000
TAGCGCGT 0.138182 0.600000 0.261818 0.000000
CGTGAACA 0.000000 0.275000 0.500000 0.225000
CGTCAGTG 0.583333 0.083333 0.000000 0.333333
ATGTCAGA 0.000000 0.172414 0.689655 0.137931
TCATTCTT 0.302439 0.370732 0.326829 0.000000
TCGCTCGT 0.578947 0.350877 0.070175 0.000000
TCAGGCAA 0.000000 0.202020 0.525253 0.272727
CGCACTAT 0.266667 0.577778 0.155556 0.000000
TCGTATGT 0.212121 0.557576 0.230303 0.000000
GTCGTCGA 0.000000 0.090909 0.709091 0.200000
AGCGATAT 0.320225 0.432584 0.247191 0.000000
ACTGGAGT 0.099237 0.683206 0.217557 0.000000
ACGTAAAC 0.400000 0.000000 0.100000 0.500000
GCTGGTAA 0.000000 0.658120 0.188034 0.153846
TGTGCTAC 0.298137 0.000000 0.180124 0.521739
ATGCTACG 0.460674 0.348315 0.000000 0.191011
CGTGTGAT 0.078431 0.607843 0.313725 0.000000
GTGCTACC 0.200803 0.000000 0.345382 0.453815
GACAGGAC 0.257085 0.000000 0.149798 0.593117
CAGACAGG 0.451807 0.219880 0.000000 0.328313
CGACGGAC 0.114286 0.000000 0.392857 0.492857
TTCGTTCC 0.361386 0.000000 0.178218 0.460396
AAACACTG 0.285714 0.467532 0.000000 0.246753
ATCTGTCT 0.119427 0.813694 0.066879 0.000000
TATGTGTA 0.000000 0.197917 0.593750 0.208333
GACATGAG 0.551724 0.137931 0.000000 0.310345
ATGATATA 0.000000 0.107438 0.809917 0.082645
TAAACGGA 0.000000 0.185185 0.259259 0.555556
ATAGATGA 0.000000 0.059524 0.547619 0.392857
TCGATCGT 0.244444 0.600000 0.155556 0.000000
AACAAGGC 0.236311 0.000000 0.164265 0.599424
CCAAGCCT 0.162162 0.500000 0.337838 0.000000
AGTGGGGA 0.000000 0.270270 0.410811 0.318919
ACCATTCA 0.000000 0.091743 0.559633 0.348624
AGACAAAC 0.232258 0.000000 0.116129 0.651613
ATGAGTGT 0.156015 0.546992 0.296992 0.000000
CGTGCAGC 0.239583 0.000000 0.187500 0.572917
ACCGACAT 0.034483 0.965517 0.000000 0.000000
GACGACAT 0.207317 0.573171 0.219512 0.000000
CCTGCAAA 0.000000 0.322917 0.562500 0.114583
TCTCATAC 0.270833 0.000000 0.302083 0.427083
GCGAGTTC 0.107914 0.000000 0.208633 0.683453
CATCATCC 0.367647 0.000000 0.191176 0.441176
ATGGACGC 0.111111 0.000000 0.111111 0.777778
GGGCAGTC 0.162791 0.000000 0.465116 0.372093
GCCTCGAC 0.224138 0.000000 0.155172 0.620690
ATATTTGA 0.000000 0.089552 0.238806 0.671642
GCTTCCAT 0.035088 0.815789 0.149123 0.000000
TGAGACAG 0.564356 0.099010 0.000000 0.336634
AACCAGTC 0.102564 0.000000 0.205128 0.692308
TCGACGGG 0.710526 0.210526 0.000000 0.078947
TAAGACGA 0.000000 0.266667 0.453333 0.280000
TGTACGAT 0.112033 0.713693 0.174274 0.000000
TGTCTTCA 0.000000 0.185185 0.555556 0.259259
GCTGAGCT 0.176101 0.591195 0.232704 0.000000
GATGATGA 0.000000 0.306383 0.510638 0.182979
TAGACGAA 0.000000 0.134615 0.625000 0.240385
CTGCAAAC 0.318841 0.000000 0.130435 0.550725
GTGTCTGT 0.433735 0.367470 0.198795 0.000000
ATCATGAT 0.225806 0.516129 0.258065 0.000000
GGACCGGA 0.000000 0.484848 0.303030 0.212121
CAGACATG 0.560000 0.240000 0.000000 0.200000
ACAATTCG 0.547170 0.207547 0.000000 0.245283
TCTTCGTT 0.270833 0.281250 0.447917 0.000000
AGGTTACA 0.000000 0.250000 0.583333 0.166667
ACACCGAC 0.187500 0.000000 0.093750 0.718750
GTATGCAC 0.174757 0.000000 0.113269 0.711974
CGAACGAT 0.238095 0.523810 0.238095 0.000000
GACATTCA 0.000000 0.094340 0.660377 0.245283
CCATGCCG 0.780488 0.097561 0.000000 0.121951
ACCCTCGT 0.411765 0.352941 0.235294 0.000000
TATGTGCG 0.375839 0.369128 0.000000 0.255034
GTGTGTGC 0.438596 0.000000 0.105263 0.456140
GACGGACG 0.804688 0.054688 0.000000 0.140625
CTCAGGCA 0.000000 0.389474 0.473684 0.136842
GATGTGAC 0.242798 0.000000 0.094650 0.662551
CAAGGGCC 0.164835 0.000000 0.043956 0.791209
GACAGAGA 0.000000 0.271084 0.451807 0.277108
CAGTGTCA 0.000000 0.449438 0.415730 0.134831
GTGAATAT 0.137931 0.379310 0.482759 0.000000
TCAGTGAG 0.677966 0.067797 0.000000 0.254237
CTAGCGCA 0.000000 0.162162 0.581081 0.256757
CTCGAACC 0.305970 0.000000 0.055970 0.638060
ACACGTAT 0.150735 0.474265 0.375000 0.000000
CACGTGCA 0.000000 0.045045 0.828829 0.126126
GCTGTCTG 0.420455 0.420455 0.000000 0.159091
ATCAAACA 0.000000 0.419355 0.354839 0.225806
TGCCTCGA 0.000000 0.083333 0.791667 0.125000
TAGGACAA 0.000000 0.100000 0.600000 0.300000
GTAGTCTG 0.610169 0.322034 0.000000 0.067797
CGAGTCGT 0.232000 0.416000 0.352000 0.000000
TGAGTCTG 0.458333 0.312500 0.000000 0.229167
ATATATAA 0.000000 0.251613 0.522581 0.225806
ATGTCACG 0.423077 0.217949 0.000000 0.358974
CTGTCAGC 0.235714 0.000000 0.150000 0.614286
TACACTCG 0.707071 0.111111 0.000000 0.181818
CTGCTATC 0.101504 0.000000 0.097744 0.800752
TCGACGTG 0.483146 0.275281 0.000000 0.241573
TCAGCGAT 0.119048 0.547619 0.333333 0.000000
AAACCGAG 0.481481 0.197531 0.000000 0.320988
GAACCGAC 0.346535 0.000000 0.138614 0.514851
GCACAGCG 0.736842 0.105263 0.000000 0.157895
CGACCTAC 0.246154 0.000000 0.261538 0.492308
GCATCAGG 0.625000 0.050000 0.000000 0.325000
TCGAGACG 0.550725 0.072464 0.000000 0.376812
TGACCCGT 0.168776 0.582278 0.248945 0.000000
GACCTCGT 0.484375 0.421875 0.093750 0.000000
TAAACGTA 0.000000 0.190265 0.672566 0.137168
TCGTACAG 0.857143 0.063492 0.000000 0.079365
ACAGTCGC 0.206349 0.000000 0.182540 0.611111
ACATCAAA 0.000000 0.347826 0.521739 0.130435
CGTCCAGC 0.104167 0.000000 0.145833 0.750000
ATGCGCAG 0.764706 0.084967 0.000000 0.150327
CTGGGCCT 0.238971 0.511029 0.250000 0.000000
ATGAGTTT 0.156627 0.246988 0.596386 0.000000
TTCGAGCG 0.620968 0.088710 0.000000 0.290323
TCACGTCT 0.156250 0.729167 0.114583 0.000000
GGGACGAA 0.000000 0.188235 0.482353 0.329412
CTCGTAGT 0.666667 0.262626 0.070707 0.000000
GTGCTCAG 0.583333 0.208333 0.000000 0.208333
GTCGAGAC 0.251908 0.000000 0.122137 0.625954
GTGTATAG 0.593750 0.093750 0.000000 0.312500
CATCATAT 0.297794 0.404412 0.297794 0.000000
CTGATATC 0.476190 0.000000 0.190476 0.333333
AGCGTGCT 0.486726 0.353982 0.159292 0.000000
CATGCCAT 0.436464 0.455801 0.107735 0.000000
GCTCACAG 0.774648 0.119718 0.000000 0.105634
TGCGTGTC 0.148936 0.000000 0.212766 0.638298
TGCCATCT 0.166667 0.666667 0.166667 0.000000
CACCCTCT 0.237885 0.563877 0.198238 0.000000
TAGCTCGA 0.000000 0.043478 0.852174 0.104348
TTCGCCTG 0.365591 0.451613 0.000000 0.182796
TGTGTCTT 0.224599 0.518717 0.256684 0.000000
AGTCTCTC 0.452174 0.000000 0.278261 0.269565
TAGTATGA 0.000000 0.181818 0.681818 0.136364
AGAGATAC 0.153061 0.000000 0.173469 0.673469
CTCATCAT 0.113636 0.653409 0.232955 0.000000
ATTAACTA 0.000000 0.337662 0.428571 0.233766
GTACACAG 0.691358 0.098765 0.000000 0.209877
TCGCGTGA 0.000000 0.017241 0.844828 0.137931
ATGTGGGA 0.000000 0.548780 0.264228 0.186992
GCTAGCGC 0.285714 0.000000 0.183673 0.530612
GATGTAGA 0.000000 0.311111 0.366667 0.322222
TATATTTG 0.467742 0.161290 0.000000 0.370968
GATCATGA 0.000000 0.370370 0.370370 0.259259
CATGTCAG 0.695652 0.260870 0.000000 0.043478
TAAGACTA 0.000000 0.172414 0.613793 0.213793
GCGTCAAG 0.891892 0.027027 0.000000 0.081081
ATACATGA 0.000000 0.250000 0.576389 0.173611
GTCTGCTG 0.448276 0.275862 0.000000 0.275862
GTCATCGA 0.000000 0.126904 0.467005 0.406091
CTCGACAG 0.764060 0.115226 0.000000 0.120713
TCGTGCTC 0.183908 0.000000 0.103448 0.712644
TATCGAAC 0.185185 0.000000 0.466667 0.348148
AGACAGAT 0.233333 0.466667 0.300000 0.000000
GTATAGGA 0.000000 0.263514 0.277027 0.459459
GGCGAGTT 0.202797 0.615385 0.181818 0.000000
GATAGAGT 0.276596 0.553191 0.170213 0.000000
CGATCTCA 0.000000 0.272727 0.510490 0.216783
TGCAACAA 0.000000 0.151515 0.757576 0.090909
ACAGACAC 0.270833 0.000000 0.083333 0.645833
TGGGCAGT 0.234043 0.659574 0.106383 0.000000
ACTGATCG 0.755102 0.142857 0.000000 0.102041
CGTATGAT 0.172414 0.482759 0.344828 0.000000
GTGTGTTC 0.147773 0.000000 0.190283 0.661943
GCTCGCTC 0.214689 0.000000 0.220339 0.564972
ATCGTGTG 0.661972 0.211268 0.000000 0.126761
CTCACTCA 0.000000 0.401186 0.241107 0.357708
AGTGGGCG 0.733333 0.133333 0.000000 0.133333
ATCGATCA 0.000000 0.113835 0.639229 0.246935
GACAGATA 0.000000 0.158788 0.741818 0.099394
AAGCATAT 0.189189 0.540541 0.270270 0.000000
TGGACCAT 0.269231 0.730769 0.000000 0.000000
ATACGCTG 0.525641 0.153846 0.000000 0.320513
ATCACATC 0.137931 0.000000 0.206897 0.655172
TCGTAGCT 0.364130 0.500000 0.135870 0.000000
AAGGCCAT 0.140940 0.456376 0.402685 0.000000
ATATCTCT 0.171053 0.671053 0.157895 0.000000
GCGGACCT 0.257576 0.702020 0.040404 0.000000
GGAACGTA 0.000000 0.390244 0.585366 0.024390
GACATCGT 0.382772 0.361399 0.255829 0.000000
TCTGCAGC 0.300000 0.000000 0.216667 0.483333
CGACTCGT 0.282689 0.477440 0.239871 0.000000
CGATATGT 0.244444 0.555556 0.200000 0.000000
TGACTCTG 0.602941 0.139706 0.000000 0.257353
ATGAGCAG 0.695652 0.108696 0.000000 0.195652
TATATAAG 0.458716 0.183486 0.000000 0.357798
TTAGCAGC 0.309392 0.000000 0.295580 0.395028
AGCTGTGC 0.278388 0.000000 0.128205 0.593407
TCTCAGTG 0.731707 0.207317 0.000000 0.060976
GCCATACG 0.592593 0.259259 0.000000 0.148148
AGGAAACA 0.000000 0.377049 0.377049 0.245902
TACCATGC 0.439560 0.000000 0.153846 0.406593
ATGAACGC 0.097436 0.000000 0.194872 0.707692
ATCTCTAC 0.448598 0.000000 0.186916 0.364486
TAGTGCTG 0.570552 0.116564 0.000000 0.312883
ACTCATTA 0.000000 0.105960 0.746689 0.147351
GTATCAGT 0.133333 0.744444 0.122222 0.000000
AGTATCTC 0.305085 0.000000 0.338983 0.355932
CTCGTCTG 0.523684 0.239474 0.000000 0.236842
TACATCAC 0.511628 0.000000 0.116279 0.372093
AAAAATGT 0.317829 0.410853 0.271318 0.000000
GGCTATAC 0.488372 0.000000 0.116279 0.395349
TAAGACCG 0.756757 0.141892 0.000000 0.101351
TACAGTAG 0.569149 0.095745 0.000000 0.335106
GACTCCGT 0.099338 0.715232 0.185430 0.000000
TGCATCTA 0.000000 0.247525 0.590759 0.161716
ACAGTCTC 0.207602 0.000000 0.485380 0.307018
AACGTCTA 0.000000 0.058091 0.908714 0.033195
GTGCAGGA 0.000000 0.093023 0.627907 0.279070
TCACTGAG 0.441176 0.102941 0.000000 0.455882
ATGAATAA 0.000000 0.239544 0.520913 0.239544
AAGTCTGT 0.528662 0.292994 0.178344 0.000000
CGTGGACT 0.096774 0.887097 0.016129 0.000000
GCTACCTT 0.164223 0.366569 0.469208 0.000000
TGTACGGG 0.691176 0.132353 0.000000 0.176471
TATATGCG 0.640000 0.211429 0.000000 0.148571
CCCCCCTG 0.475728 0.325243 0.000000 0.199029
TGGGGATC 0.531429 0.000000 0.142857 0.325714
