TGACAG 0.000000 0.360825 0.000000 0.360825 0.639175
ATTCAT 0.000000 0.839041 0.000000 0.839041 0.160959
CGTTTA 0.000000 0.763713 0.000000 0.763713 0.236287
CTTCCA 0.000000 0.464516 0.000000 0.464516 0.535484
CATGAA 0.000000 0.871429 0.000000 0.871429 0.128571
CTTCGC 0.000000 0.723404 0.000000 0.723404 0.276596
CATGAC 0.000000 0.933333 0.000000 0.933333 0.066667
CTGTTA 0.000000 0.823009 0.000000 0.823009 0.176991
TGTGCA 0.000000 0.570978 0.000000 0.570978 0.429022
TATCGT 0.000000 0.893548 0.000000 0.893548 0.106452
CTGTTC 0.000000 0.900552 0.000000 0.900552 0.099448
CATGAG 0.000000 0.763006 0.000000 0.763006 0.236994
TATCCT 0.000000 0.140244 0.000000 0.140244 0.859756
CATAGA 0.000000 0.671512 0.000000 0.671512 0.328488
GTCATT 0.000000 0.906977 0.000000 0.906977 0.093023
TTCGGA 0.000000 0.220183 0.000000 0.220183 0.779817
CATACA 0.000000 0.894089 0.000000 0.894089 0.105911
TAGTTT 0.000000 0.953125 0.000000 0.953125 0.046875
GTATTT 0.000000 0.829787 0.000000 0.829787 0.170213
TACTTT 0.000000 0.752381 0.000000 0.752381 0.247619
CTCTTG 0.000000 0.699176 0.000000 0.699176 0.300824
TGTGGG 0.000000 0.551402 0.000000 0.551402 0.448598
CATACC 0.000000 0.827122 0.000000 0.827122 0.172878
TGTGCG 0.000000 0.784226 0.000000 0.784226 0.215774
TGACAT 0.000000 0.918367 0.000000 0.918367 0.081633
TTCGCC 0.000000 0.709677 0.000000 0.709677 0.290323
TCTGAC 0.000000 0.519231 0.000000 0.519231 0.480769
CATAGG 0.000000 0.785311 0.000000 0.785311 0.214689
ACACTA 0.000000 0.720037 0.000000 0.720037 0.279963
CATACG 0.000000 0.509454 0.000000 0.509454 0.490546
ACACTC 0.000000 0.669231 0.000000 0.669231 0.330769
TTCGCG 0.000000 0.615385 0.000000 0.615385 0.384615
TCTGAG 0.000000 0.214724 0.000000 0.214724 0.785276
TTGGCG 0.000000 0.925781 0.000000 0.925781 0.074219
TGTAAC 0.000000 0.321429 0.000000 0.321429 0.678571
GGGCTA 0.000000 0.507692 0.000000 0.507692 0.492308
GGCCTA 0.000000 0.795833 0.000000 0.795833 0.204167
TCTAGA 0.000000 0.704842 0.000000 0.704842 0.295158
CTTCGT 0.000000 0.761905 0.000000 0.761905 0.238095
GGCCTC 0.000000 0.671975 0.000000 0.671975 0.328025
TCTACA 0.000000 0.742089 0.000000 0.742089 0.257911
CATGAT 0.000000 0.909449 0.000000 0.909449 0.090551
ACACTG 0.000000 0.365517 0.000000 0.365517 0.634483
TCTAGC 0.000000 0.798429 0.000000 0.798429 0.201571
AACCAA 0.000000 0.962500 0.000000 0.962500 0.037500
TTCAAC 0.000000 0.725000 0.000000 0.725000 0.275000
AGTGTA 0.000000 0.467737 0.000000 0.467737 0.532263
AAGTAG 0.000000 0.759366 0.000000 0.759366 0.240634
CTGTTT 0.000000 0.851852 0.000000 0.851852 0.148148
TGTGGT 0.000000 0.489130 0.000000 0.489130 0.510870
TGTGCT 0.000000 0.526094 0.000000 0.526094 0.473906
AGTGTC 0.000000 0.810739 0.000000 0.810739 0.189261
TCTACG 0.000000 0.495157 0.000000 0.495157 0.504843
TTCAAG 0.000000 0.389724 0.000000 0.389724 0.610276
GAACGA 0.000000 0.500000 0.000000 0.500000 0.500000
CATAGT 0.000000 0.786096 0.000000 0.786096 0.213904
AACCAG 0.000000 0.910714 0.000000 0.910714 0.089286
TTCGGT 0.000000 0.519231 0.000000 0.519231 0.480769
GAACCA 0.000000 0.494340 0.000000 0.494340 0.505660
AGTGTG 0.000000 0.667434 0.000000 0.667434 0.332566
GAACGC 0.000000 0.850365 0.000000 0.850365 0.149635
TCTGAT 0.000000 0.500000 0.000000 0.500000 0.500000
CGACTA 0.000000 0.723958 0.000000 0.723958 0.276042
CGACTC 0.000000 0.481877 0.000000 0.481877 0.518123
GAACGG 0.000000 0.818182 0.000000 0.818182 0.181818
GAACCG 0.000000 0.299065 0.000000 0.299065 0.700935
ACTATA 0.000000 0.864407 0.000000 0.864407 0.135593
GGCCTT 0.000000 0.534884 0.000000 0.534884 0.465116
CGACTG 0.000000 0.562500 0.000000 0.562500 0.437500
TCTAGT 0.000000 0.866095 0.000000 0.866095 0.133905
TCTACT 0.000000 0.745614 0.000000 0.745614 0.254386
ACTATC 0.000000 0.752427 0.000000 0.752427 0.247573
CAGCGA 0.000000 0.862934 0.000000 0.862934 0.137066
TTATAT 0.000000 0.986667 0.000000 0.986667 0.013333
GTTCGA 0.000000 0.669935 0.000000 0.669935 0.330065
CACCGA 0.000000 0.451362 0.000000 0.451362 0.548638
AACCAT 0.000000 0.870466 0.000000 0.870466 0.129534
GATGAA 0.000000 0.407407 0.000000 0.407407 0.592593
CAGCGC 0.000000 0.890909 0.000000 0.890909 0.109091
GTTCGC 0.000000 0.480000 0.000000 0.480000 0.520000
GATGAC 0.000000 0.728102 0.000000 0.728102 0.271898
GTTCCC 0.000000 0.857143 0.000000 0.857143 0.142857
AATTAA 0.000000 0.934211 0.000000 0.934211 0.065789
CACCGG 0.000000 0.437500 0.000000 0.437500 0.562500
GTTCGG 0.000000 1.000000 0.000000 1.000000 0.000000
GAACGT 0.000000 0.736196 0.000000 0.736196 0.263804
GAACCT 0.000000 0.595506 0.000000 0.595506 0.404494
CCTGTA 0.000000 0.606557 0.000000 0.606557 0.393443
GATGAG 0.000000 0.298319 0.000000 0.298319 0.701681
GTCTTC 0.000000 0.744382 0.000000 0.744382 0.255618
GTGTTC 0.000000 0.960725 0.000000 0.960725 0.039275
TAACTA 0.000000 0.895735 0.000000 0.895735 0.104265
CCTGTC 0.000000 0.651163 0.000000 0.651163 0.348837
GATAGA 0.000000 0.552273 0.000000 0.552273 0.447727
GATACA 0.000000 0.848911 0.000000 0.848911 0.151089
GATAGC 0.000000 0.736842 0.000000 0.736842 0.263158
TCGCCA 0.000000 0.563536 0.000000 0.563536 0.436464
TCGCGC 0.000000 0.908861 0.000000 0.908861 0.091139
GATACC 0.000000 0.779661 0.000000 0.779661 0.220339
CCTGTG 0.000000 0.555556 0.000000 0.555556 0.444444
TCGCCC 0.000000 0.911504 0.000000 0.911504 0.088496
TCCCCC 0.000000 0.792365 0.000000 0.792365 0.207635
GATAGG 0.000000 0.937500 0.000000 0.937500 0.062500
GATACG 0.000000 0.623932 0.000000 0.623932 0.376068
TCGCGG 0.000000 0.655172 0.000000 0.655172 0.344828
TCGCCG 0.000000 0.638350 0.000000 0.638350 0.361650
CAGCGT 0.000000 0.838964 0.000000 0.838964 0.161036
GTTCGT 0.000000 0.780374 0.000000 0.780374 0.219626
GATGAT 0.000000 0.807273 0.000000 0.807273 0.192727
GTTCCT 0.000000 0.497382 0.000000 0.497382 0.502618
CACCCT 0.000000 0.203947 0.000000 0.203947 0.796053
CTACTA 0.000000 0.610526 0.000000 0.610526 0.389474
CTACTC 0.000000 0.250000 0.000000 0.250000 0.750000
CATTCA 0.000000 0.868339 0.000000 0.868339 0.131661
TGCCAT 0.000000 0.794479 0.000000 0.794479 0.205521
CCTGTT 0.000000 0.878049 0.000000 0.878049 0.121951
TGAGTA 0.000000 0.637097 0.000000 0.637097 0.362903
ACGCTA 0.000000 0.803681 0.000000 0.803681 0.196319
CTACTG 0.000000 0.267062 0.000000 0.267062 0.732938
GATAGT 0.000000 0.698644 0.000000 0.698644 0.301356
TGAGTC 0.000000 0.439189 0.000000 0.439189 0.560811
GATACT 0.000000 0.739899 0.000000 0.739899 0.260101
TCGCGT 0.000000 0.482759 0.000000 0.482759 0.517241
ACGCTC 0.000000 0.512500 0.000000 0.512500 0.487500
TCGCCT 0.000000 0.087719 0.000000 0.087719 0.912281
CATTCG 0.000000 0.647316 0.000000 0.647316 0.352684
ACCCTC 0.000000 0.816438 0.000000 0.816438 0.183562
GGACTA 0.000000 0.617021 0.000000 0.617021 0.382979
TATATA 0.000000 0.936667 0.000000 0.936667 0.063333
TGTTAC 0.000000 0.908163 0.000000 0.908163 0.091837
GGACTC 0.000000 0.515000 0.000000 0.515000 0.485000
TATATC 0.000000 0.429735 0.000000 0.429735 0.570265
TGAGTG 0.000000 0.328082 0.000000 0.328082 0.671918
ACGCTG 0.000000 0.867647 0.000000 0.867647 0.132353
TCTTCA 0.000000 0.946667 0.000000 0.946667 0.053333
AAACAA 0.000000 0.978860 0.000000 0.978860 0.021140
GGACTG 0.000000 0.500000 0.000000 0.500000 0.500000
AAACAC 0.000000 0.583333 0.000000 0.583333 0.416667
TATATG 0.000000 0.313897 0.000000 0.313897 0.686103
TCTTGG 0.000000 0.936902 0.000000 0.936902 0.063098
TCTTCG 0.000000 0.084967 0.000000 0.084967 0.915033
GACCGA 0.000000 0.545455 0.000000 0.545455 0.454545
AAACAG 0.000000 0.598684 0.000000 0.598684 0.401316
TTCTAG 0.000000 0.400000 0.000000 0.400000 0.600000
GAGCGA 0.000000 0.850178 0.000000 0.850178 0.149822
GAGCCA 0.000000 0.628099 0.000000 0.628099 0.371901
GACCGC 0.000000 0.700000 0.000000 0.700000 0.300000
GAGCGC 0.000000 0.824176 0.000000 0.824176 0.175824
CATTCT 0.000000 0.688312 0.000000 0.688312 0.311688
TGAGTT 0.000000 0.925676 0.000000 0.925676 0.074324
GACCGG 0.000000 0.883562 0.000000 0.883562 0.116438
GACCCG 0.000000 0.073171 0.000000 0.073171 0.926829
TATATT 0.000000 0.780000 0.000000 0.780000 0.220000
CGCCTG 0.000000 0.677083 0.000000 0.677083 0.322917
CAACGA 0.000000 0.194444 0.000000 0.194444 0.805556
AAACAT 0.000000 0.744444 0.000000 0.744444 0.255556
TTCTAT 0.000000 0.740741 0.000000 0.740741 0.259259
TTGTAT 0.000000 0.703704 0.000000 0.703704 0.296296
AGAGAC 0.000000 0.526786 0.000000 0.526786 0.473214
AACGTA 0.000000 0.561350 0.000000 0.561350 0.438650
CAACCA 0.000000 0.839122 0.000000 0.839122 0.160878
ACAGGA 0.000000 0.284589 0.000000 0.284589 0.715411
ACAGCA 0.000000 0.893939 0.000000 0.893939 0.106061
AACGTC 0.000000 0.731092 0.000000 0.731092 0.268908
ACTTTG 0.000000 0.256267 0.000000 0.256267 0.743733
ACAGGC 0.000000 0.320652 0.000000 0.320652 0.679348
AGAGAG 0.000000 0.861111 0.000000 0.861111 0.138889
GAGCGT 0.000000 0.307692 0.000000 0.307692 0.692308
CAACGG 0.000000 0.953125 0.000000 0.953125 0.046875
GACCGT 0.000000 0.924051 0.000000 0.924051 0.075949
AACGTG 0.000000 0.891892 0.000000 0.891892 0.108108
GAGCCT 0.000000 0.159420 0.000000 0.159420 0.840580
AGAACA 0.000000 0.941379 0.000000 0.941379 0.058621
ACAGGG 0.000000 0.964730 0.000000 0.964730 0.035270
ACAGCG 0.000000 0.554762 0.000000 0.554762 0.445238
TAGCTA 0.000000 0.688312 0.000000 0.688312 0.311688
TACCTA 0.000000 0.358974 0.000000 0.358974 0.641026
AGAACC 0.000000 0.933333 0.000000 0.933333 0.066667
TCACGA 0.000000 0.500000 0.000000 0.500000 0.500000
TAGCTC 0.000000 0.450820 0.000000 0.450820 0.549180
GATTCA 0.000000 0.416667 0.000000 0.416667 0.583333
TACCTC 0.000000 0.866667 0.000000 0.866667 0.133333
GCCGAA 0.000000 0.937500 0.000000 0.937500 0.062500
GTACTC 0.000000 0.265784 0.000000 0.265784 0.734216
TCACGC 0.000000 0.962567 0.000000 0.962567 0.037433
GGCGCG 0.000000 0.813333 0.000000 0.813333 0.186667
GCCGAC 0.000000 0.775837 0.000000 0.775837 0.224163
AGAACG 0.000000 0.387755 0.000000 0.387755 0.612245
TAGCTG 0.000000 0.237500 0.000000 0.237500 0.762500
GTACTG 0.000000 0.692308 0.000000 0.692308 0.307692
TACCTG 0.000000 0.578947 0.000000 0.578947 0.421053
ACAAAC 0.000000 0.352759 0.000000 0.352759 0.647241
GGCAAA 0.000000 0.833333 0.000000 0.833333 0.166667
TCACGG 0.000000 0.885813 0.000000 0.885813 0.114187
ACTTTT 0.000000 0.744186 0.000000 0.744186 0.255814
GCCGAG 0.000000 0.296296 0.000000 0.296296 0.703704
GATTCG 0.000000 0.736364 0.000000 0.736364 0.263636
CGTCTA 0.000000 0.339367 0.000000 0.339367 0.660633
GGCAAC 0.000000 0.873418 0.000000 0.873418 0.126582
AGAGAT 0.000000 0.083506 0.000000 0.083506 0.916494
CGAGCA 0.000000 0.375000 0.000000 0.375000 0.625000
ACAAAG 0.000000 0.407895 0.000000 0.407895 0.592105
CGTCTC 0.000000 0.867904 0.000000 0.867904 0.132096
CGAGCC 0.000000 0.568182 0.000000 0.568182 0.431818
ACAGGT 0.000000 0.531414 0.000000 0.531414 0.468586
ACAGCT 0.000000 0.639241 0.000000 0.639241 0.360759
GGCAAG 0.000000 0.121951 0.000000 0.121951 0.878049
CTGCTA 0.000000 0.579963 0.000000 0.579963 0.420037
CGTCTG 0.000000 0.689634 0.000000 0.689634 0.310366
GGCGGT 0.000000 0.403509 0.000000 0.403509 0.596491
CTGCTC 0.000000 0.333333 0.000000 0.333333 0.666667
GGGGCT 0.000000 0.600000 0.000000 0.600000 0.400000
GGCGCT 0.000000 0.895706 0.000000 0.895706 0.104294
CGAGCG 0.000000 0.900000 0.000000 0.900000 0.100000
AGAAGT 0.000000 0.835833 0.000000 0.835833 0.164167
TGCGTA 0.000000 0.429245 0.000000 0.429245 0.570755
CTCCTG 0.000000 0.529412 0.000000 0.529412 0.470588
TACCTT 0.000000 0.584507 0.000000 0.584507 0.415493
TAGCTT 0.000000 0.856725 0.000000 0.856725 0.143275
CTGCTG 0.000000 0.708738 0.000000 0.708738 0.291262
TGCGTC 0.000000 0.453125 0.000000 0.453125 0.546875
TCACGT 0.000000 0.833333 0.000000 0.833333 0.166667
GATTCT 0.000000 0.869697 0.000000 0.869697 0.130303
CACATA 0.000000 0.886467 0.000000 0.886467 0.113533
CAGATA 0.000000 0.870812 0.000000 0.870812 0.129188
CAATTA 0.000000 0.813187 0.000000 0.813187 0.186813
TGCGTG 0.000000 0.666667 0.000000 0.666667 0.333333
CCAACA 0.000000 0.940066 0.000000 0.940066 0.059934
CACATC 0.000000 0.475694 0.000000 0.475694 0.524306
CAGATC 0.000000 0.760000 0.000000 0.760000 0.240000
CAATTC 0.000000 0.701595 0.000000 0.701595 0.298405
CCAAGC 0.000000 0.703030 0.000000 0.703030 0.296970
CGAAAG 0.000000 0.768182 0.000000 0.768182 0.231818
GGCAAT 0.000000 0.824859 0.000000 0.824859 0.175141
AAGCAA 0.000000 0.957219 0.000000 0.957219 0.042781
CCAACC 0.000000 0.910448 0.000000 0.910448 0.089552
CACATG 0.000000 0.742268 0.000000 0.742268 0.257732
CAGATG 0.000000 0.641026 0.000000 0.641026 0.358974
TATTTG 0.000000 0.638889 0.000000 0.638889 0.361111
GCCACT 0.000000 0.800000 0.000000 0.800000 0.200000
TTACAA 0.000000 0.910112 0.000000 0.910112 0.089888
TAAGGC 0.000000 0.506024 0.000000 0.506024 0.493976
TCCATA 0.000000 0.921739 0.000000 0.921739 0.078261
AAGCAG 0.000000 0.271186 0.000000 0.271186 0.728814
CTCCTT 0.000000 0.883721 0.000000 0.883721 0.116279
TCGATA 0.000000 0.912376 0.000000 0.912376 0.087624
TCATTA 0.000000 0.766734 0.000000 0.766734 0.233266
TCCATC 0.000000 0.960526 0.000000 0.960526 0.039474
TCGATC 0.000000 0.393564 0.000000 0.393564 0.606436
TCATTC 0.000000 0.753829 0.000000 0.753829 0.246171
TTACAG 0.000000 0.806780 0.000000 0.806780 0.193220
TCGATG 0.000000 0.612500 0.000000 0.612500 0.387500
TAAAAA 0.000000 0.926829 0.000000 0.926829 0.073171
CAGATT 0.000000 0.913669 0.000000 0.913669 0.086331
TAAAAC 0.000000 0.018182 0.000000 0.018182 0.981818
CTAGGA 0.000000 0.072398 0.000000 0.072398 0.927602
TATTTT 0.000000 0.984127 0.000000 0.984127 0.015873
CCAACT 0.000000 0.858209 0.000000 0.858209 0.141791
AGCGAA 0.000000 0.929825 0.000000 0.929825 0.070175
TTTGCC 0.000000 0.669604 0.000000 0.669604 0.330396
AAGCAT 0.000000 0.276596 0.000000 0.276596 0.723404
AGGGAC 0.000000 0.592308 0.000000 0.592308 0.407692
AGCGAC 0.000000 0.922366 0.000000 0.922366 0.077634
ACCGGA 0.000000 0.081633 0.000000 0.081633 0.918367
TAAGGT 0.000000 0.670455 0.000000 0.670455 0.329545
ACGGGA 0.000000 0.079832 0.000000 0.079832 0.920168
AAAGTC 0.000000 0.901408 0.000000 0.901408 0.098592
CTAGCG 0.000000 0.776430 0.000000 0.776430 0.223570
TTACAT 0.000000 0.546798 0.000000 0.546798 0.453202
ACGGGC 0.000000 0.264957 0.000000 0.264957 0.735043
CTAAAA 0.000000 0.833333 0.000000 0.833333 0.166667
AGCAGA 0.000000 0.473988 0.000000 0.473988 0.526012
AGCACA 0.000000 0.964789 0.000000 0.964789 0.035211
ACCGGG 0.000000 0.956197 0.000000 0.956197 0.043803
AGGACA 0.000000 0.824653 0.000000 0.824653 0.175347
AGATGA 0.000000 0.624242 0.000000 0.624242 0.375758
AGATCA 0.000000 0.882353 0.000000 0.882353 0.117647
TTTAAC 0.000000 0.980296 0.000000 0.980296 0.019704
GTGCTA 0.000000 0.719331 0.000000 0.719331 0.280669
GTCCTA 0.000000 0.679426 0.000000 0.679426 0.320574
AGCAGC 0.000000 0.918063 0.000000 0.918063 0.081937
AGGACC 0.000000 0.897661 0.000000 0.897661 0.102339
AGATGC 0.000000 0.525907 0.000000 0.525907 0.474093
CTTTTT 0.000000 0.849315 0.000000 0.849315 0.150685
GGTCTG 0.000000 0.507246 0.000000 0.507246 0.492754
GCAGAA 0.000000 0.473684 0.000000 0.473684 0.526316
GTGCTC 0.000000 0.395161 0.000000 0.395161 0.604839
GCAGAC 0.000000 0.692440 0.000000 0.692440 0.307560
AGCACG 0.000000 0.377778 0.000000 0.377778 0.622222
AGGACG 0.000000 0.827586 0.000000 0.827586 0.172414
AGATGG 0.000000 0.904762 0.000000 0.904762 0.095238
ACATAA 0.000000 0.826087 0.000000 0.826087 0.173913
AATCAG 0.000000 0.805654 0.000000 0.805654 0.194346
GTGCTG 0.000000 0.822491 0.000000 0.822491 0.177509
ACGAAC 0.000000 0.749361 0.000000 0.749361 0.250639
GTCCTG 0.000000 0.534653 0.000000 0.534653 0.465347
AGATCG 0.000000 0.831395 0.000000 0.831395 0.168605
CTAGCT 0.000000 0.177778 0.000000 0.177778 0.822222
ACATAC 0.000000 0.643512 0.000000 0.643512 0.356488
GCAGAG 0.000000 0.169312 0.000000 0.169312 0.830688
GGAAAC 0.000000 0.818627 0.000000 0.818627 0.181373
AGCGAT 0.000000 0.440789 0.000000 0.440789 0.559211
AGGGAT 0.000000 0.952381 0.000000 0.952381 0.047619
CGGGGA 0.000000 0.013841 0.000000 0.013841 0.986159
CGCGGA 0.000000 0.214286 0.000000 0.214286 0.785714
GACATA 0.000000 0.854478 0.000000 0.854478 0.145522
GAGATA 0.000000 0.817073 0.000000 0.817073 0.182927
GCAAGA 0.000000 0.561538 0.000000 0.561538 0.438462
CGCGCA 0.000000 0.327751 0.000000 0.327751 0.672249
GCAACA 0.000000 0.887387 0.000000 0.887387 0.112613
ACATAG 0.000000 0.589792 0.000000 0.589792 0.410208
CGGGGC 0.000000 0.123867 0.000000 0.123867 0.876133
GAGATC 0.000000 0.366667 0.000000 0.366667 0.633333
GACATC 0.000000 0.850000 0.000000 0.850000 0.150000
GCAAGC 0.000000 0.457627 0.000000 0.457627 0.542373
ACCGGT 0.000000 0.606707 0.000000 0.606707 0.393293
GCCTCA 0.000000 0.310606 0.000000 0.310606 0.689394
CGGGCC 0.000000 0.666667 0.000000 0.666667 0.333333
CGCGCC 0.000000 0.355556 0.000000 0.355556 0.644444
ACCGCT 0.000000 0.338710 0.000000 0.338710 0.661290
GCCTGC 0.000000 0.402439 0.000000 0.402439 0.597561
GACATG 0.000000 0.654696 0.000000 0.654696 0.345304
GAGATG 0.000000 0.859107 0.000000 0.859107 0.140893
CGCGCG 0.000000 0.952727 0.000000 0.952727 0.047273
GCAAGG 0.000000 0.706612 0.000000 0.706612 0.293388
CCGGAC 0.000000 0.875000 0.000000 0.875000 0.125000
AGCAGT 0.000000 0.479452 0.000000 0.479452 0.520548
AGGACT 0.000000 0.240000 0.000000 0.240000 0.760000
CATCGA 0.000000 0.812500 0.000000 0.812500 0.187500
AGCACT 0.000000 0.242038 0.000000 0.242038 0.757962
GCCTCG 0.000000 0.415966 0.000000 0.415966 0.584034
AATCAT 0.000000 0.547945 0.000000 0.547945 0.452055
AGATGT 0.000000 0.596154 0.000000 0.596154 0.403846
CGCAAA 0.000000 0.863158 0.000000 0.863158 0.136842
CATCGC 0.000000 0.659664 0.000000 0.659664 0.340336
GCAGAT 0.000000 0.483871 0.000000 0.483871 0.516129
CGCAAC 0.000000 0.897727 0.000000 0.897727 0.102273
ATCGAA 0.000000 0.892857 0.000000 0.892857 0.107143
ACCAAT 0.000000 0.837209 0.000000 0.837209 0.162791
CCGAGA 0.000000 0.758621 0.000000 0.758621 0.241379
ACGAAT 0.000000 0.656805 0.000000 0.656805 0.343195
CGATAC 0.000000 0.862245 0.000000 0.862245 0.137755
GTTTTA 0.000000 0.543340 0.000000 0.543340 0.456660
ACATAT 0.000000 0.797753 0.000000 0.797753 0.202247
CCGACA 0.000000 0.752874 0.000000 0.752874 0.247126
CCATGA 0.000000 0.608911 0.000000 0.608911 0.391089
ATCGAC 0.000000 0.820872 0.000000 0.820872 0.179128
CCGAGC 0.000000 0.225806 0.000000 0.225806 0.774194
CCATCA 0.000000 0.810345 0.000000 0.810345 0.189655
CAGTTC 0.000000 0.246154 0.000000 0.246154 0.753846
CATCCG 0.000000 0.315863 0.000000 0.315863 0.684137
CCATGC 0.000000 0.844828 0.000000 0.844828 0.155172
CCCACC 0.000000 0.405405 0.000000 0.405405 0.594595
CCATCC 0.000000 0.850000 0.000000 0.850000 0.150000
GGCTAT 0.000000 0.632184 0.000000 0.632184 0.367816
TGTCAC 0.000000 0.369284 0.000000 0.369284 0.630716
CGATAG 0.000000 0.621245 0.000000 0.621245 0.378755
TCTCGA 0.000000 0.322222 0.000000 0.322222 0.677778
TACGGA 0.000000 0.160000 0.000000 0.160000 0.840000
TAGGGA 0.000000 0.371795 0.000000 0.371795 0.628205
GTAGGA 0.000000 0.130952 0.000000 0.130952 0.869048
GACATT 0.000000 0.904762 0.000000 0.904762 0.095238
CGCGCT 0.000000 0.133466 0.000000 0.133466 0.866534
GCAAGT 0.000000 0.611111 0.000000 0.611111 0.388889
TAGGCA 0.000000 0.472222 0.000000 0.472222 0.527778
GTAGCA 0.000000 0.741935 0.000000 0.741935 0.258065
TACGCA 0.000000 0.620265 0.000000 0.620265 0.379735
CACTTG 0.000000 0.175325 0.000000 0.175325 0.824675
TAGGGC 0.000000 0.298701 0.000000 0.298701 0.701299
CCGACG 0.000000 0.901961 0.000000 0.901961 0.098039
GTAGGC 0.000000 0.353846 0.000000 0.353846 0.646154
ATCAGA 0.000000 0.896881 0.000000 0.896881 0.103119
GCAACT 0.000000 0.920635 0.000000 0.920635 0.079365
TCTCGC 0.000000 0.887283 0.000000 0.887283 0.112717
GCCTGT 0.000000 0.661972 0.000000 0.661972 0.338028
CCATCG 0.000000 0.764912 0.000000 0.764912 0.235088
ATCACA 0.000000 0.909583 0.000000 0.909583 0.090417
TAGGCC 0.000000 0.958101 0.000000 0.958101 0.041899
TGTCAG 0.000000 0.667192 0.000000 0.667192 0.332808
TTGCAC 0.000000 0.834171 0.000000 0.834171 0.165829
TCCTTA 0.000000 0.138182 0.000000 0.138182 0.861818
GTAGGG 0.000000 0.648649 0.000000 0.648649 0.351351
TACGGG 0.000000 0.979381 0.000000 0.979381 0.020619
TACGCG 0.000000 0.828571 0.000000 0.828571 0.171429
TCCTTC 0.000000 0.836957 0.000000 0.836957 0.163043
TCTCCG 0.000000 0.726457 0.000000 0.726457 0.273543
GTAGCG 0.000000 0.700395 0.000000 0.700395 0.299605
TCGTTC 0.000000 0.325000 0.000000 0.325000 0.675000
CGTGGA 0.000000 0.063830 0.000000 0.063830 0.936170
ATCAGG 0.000000 0.620253 0.000000 0.620253 0.379747
ATCACG 0.000000 0.575710 0.000000 0.575710 0.424290
CGTGCA 0.000000 0.545340 0.000000 0.545340 0.454660
CATCGT 0.000000 0.964454 0.000000 0.964454 0.035546
CATCCT 0.000000 0.472325 0.000000 0.472325 0.527675
CGTGCC 0.000000 0.846154 0.000000 0.846154 0.153846
TAGAAA 0.000000 0.971513 0.000000 0.971513 0.028487
TACAAA 0.000000 0.901840 0.000000 0.901840 0.098160
CGATAT 0.000000 0.642202 0.000000 0.642202 0.357798
CTGGGA 0.000000 0.132075 0.000000 0.132075 0.867925
GTAAAC 0.000000 0.250000 0.000000 0.250000 0.750000
CTCGGA 0.000000 0.094972 0.000000 0.094972 0.905028
TAGAAC 0.000000 0.822485 0.000000 0.822485 0.177515
ATCGAT 0.000000 0.612113 0.000000 0.612113 0.387887
GTTTTT 0.000000 0.959596 0.000000 0.959596 0.040404
CCGAGT 0.000000 0.423077 0.000000 0.423077 0.576923
CTCGCA 0.000000 0.427083 0.000000 0.427083 0.572917
CGTGCG 0.000000 0.773050 0.000000 0.773050 0.226950
CCGACT 0.000000 0.458333 0.000000 0.458333 0.541667
CCATGT 0.000000 0.777778 0.000000 0.777778 0.222222
CTGGGC 0.000000 0.600200 0.000000 0.600200 0.399800
CTCGCC 0.000000 0.905172 0.000000 0.905172 0.094828
CCATCT 0.000000 0.634820 0.000000 0.634820 0.365180
TGTCAT 0.000000 0.855701 0.000000 0.855701 0.144299
TACAAG 0.000000 0.257576 0.000000 0.257576 0.742424
ACTCTA 0.000000 0.523077 0.000000 0.523077 0.476923
CGTAAA 0.000000 0.866667 0.000000 0.866667 0.133333
GTAGGT 0.000000 0.339623 0.000000 0.339623 0.660377
TCTCGT 0.000000 0.920556 0.000000 0.920556 0.079444
TACGCT 0.000000 0.700472 0.000000 0.700472 0.299528
CTGGCG 0.000000 0.852564 0.000000 0.852564 0.147436
TCTCCT 0.000000 0.360215 0.000000 0.360215 0.639785
CTCGCG 0.000000 0.694915 0.000000 0.694915 0.305085
ACTCTC 0.000000 0.920639 0.000000 0.920639 0.079361
GTAGCT 0.000000 0.416898 0.000000 0.416898 0.583102
TTCCAT 0.000000 0.905325 0.000000 0.905325 0.094675
CGTAAC 0.000000 0.540670 0.000000 0.540670 0.459330
ATCAGT 0.000000 0.573052 0.000000 0.573052 0.426948
ATCACT 0.000000 0.682870 0.000000 0.682870 0.317130
ACTCTG 0.000000 0.722039 0.000000 0.722039 0.277961
CTCAAA 0.000000 1.000000 0.000000 1.000000 0.000000
AAGGTG 0.000000 0.959184 0.000000 0.959184 0.040816
AGCTGA 0.000000 0.831933 0.000000 0.831933 0.168067
CGTAAG 0.000000 0.479592 0.000000 0.479592 0.520408
CTCAAC 0.000000 0.990647 0.000000 0.990647 0.009353
AGCTCA 0.000000 0.429348 0.000000 0.429348 0.570652
CTATAC 0.000000 0.583333 0.000000 0.583333 0.416667
AGCTGC 0.000000 0.769874 0.000000 0.769874 0.230126
CGTGCT 0.000000 0.747423 0.000000 0.747423 0.252577
AGGTCC 0.000000 0.870270 0.000000 0.870270 0.129730
TAGAAT 0.000000 0.564103 0.000000 0.564103 0.435897
TACAAT 0.000000 0.687500 0.000000 0.687500 0.312500
GCGGAC 0.000000 0.830986 0.000000 0.830986 0.169014
AGCTGG 0.000000 0.979592 0.000000 0.979592 0.020408
ACCTAA 0.000000 0.500000 0.000000 0.500000 0.500000
ACGTAA 0.000000 0.647059 0.000000 0.647059 0.352941
AGGTGG 0.000000 0.926829 0.000000 0.926829 0.073171
CTATAG 0.000000 0.539945 0.000000 0.539945 0.460055
TTTTAG 0.000000 0.695652 0.000000 0.695652 0.304348
GATCGA 0.000000 0.394737 0.000000 0.394737 0.605263
AGCTCG 0.000000 0.597070 0.000000 0.597070 0.402930
CTCGGT 0.000000 0.445545 0.000000 0.445545 0.554455
CTCGCT 0.000000 0.444759 0.000000 0.444759 0.555241
ACGTAC 0.000000 0.402564 0.000000 0.402564 0.597436
GATCGC 0.000000 0.881629 0.000000 0.881629 0.118371
ACCTAC 0.000000 0.617647 0.000000 0.617647 0.382353
CTGGCT 0.000000 0.364865 0.000000 0.364865 0.635135
GGATAA 0.000000 0.936170 0.000000 0.936170 0.063830
GGATAC 0.000000 0.756757 0.000000 0.756757 0.243243
GCGAGA 0.000000 0.353623 0.000000 0.353623 0.646377
GCGACA 0.000000 0.428571 0.000000 0.428571 0.571429
ACGTAG 0.000000 0.366920 0.000000 0.366920 0.633080
AAGGTT 0.000000 0.700000 0.000000 0.700000 0.300000
GCATGA 0.000000 0.824040 0.000000 0.824040 0.175960
GAGTTC 0.000000 0.759124 0.000000 0.759124 0.240876
GCGAGC 0.000000 0.441558 0.000000 0.441558 0.558442
GCATCA 0.000000 0.694915 0.000000 0.694915 0.305085
GCATGC 0.000000 0.746528 0.000000 0.746528 0.253472
GGATAG 0.000000 0.489437 0.000000 0.489437 0.510563
TTAGTT 0.000000 0.983871 0.000000 0.983871 0.016129
GCATGG 0.000000 0.523810 0.000000 0.523810 0.476190
CTGAAT 0.000000 0.278846 0.000000 0.278846 0.721154
GCGACG 0.000000 0.944683 0.000000 0.944683 0.055317
CTATAT 0.000000 0.848214 0.000000 0.848214 0.151786
AGCTGT 0.000000 0.623762 0.000000 0.623762 0.376238
AGCTCT 0.000000 0.585366 0.000000 0.585366 0.414634
AATGTA 0.000000 0.491071 0.000000 0.491071 0.508929
AATGTC 0.000000 0.666667 0.000000 0.666667 0.333333
GCGGAT 0.000000 0.666667 0.000000 0.666667 0.333333
ATAGAA 0.000000 0.535714 0.000000 0.535714 0.464286
CGCTAC 0.000000 0.319328 0.000000 0.319328 0.680672
GGTGGA 0.000000 0.652318 0.000000 0.652318 0.347682
CCGTGA 0.000000 0.686047 0.000000 0.686047 0.313953
ACGTAT 0.000000 0.570732 0.000000 0.570732 0.429268
ATAGAC 0.000000 0.574201 0.000000 0.574201 0.425799
GATCGT 0.000000 0.951168 0.000000 0.951168 0.048832
CCGTCA 0.000000 0.840000 0.000000 0.840000 0.160000
AATGTG 0.000000 0.898089 0.000000 0.898089 0.101911
GGTGCC 0.000000 0.867925 0.000000 0.867925 0.132075
CCGTGC 0.000000 0.344560 0.000000 0.344560 0.655440
CGCTAG 0.000000 0.153257 0.000000 0.153257 0.846743
GGATAT 0.000000 0.832653 0.000000 0.832653 0.167347
CGGTAG 0.000000 0.435484 0.000000 0.435484 0.564516
TATCTA 0.000000 0.700185 0.000000 0.700185 0.299815
ATAGAG 0.000000 0.430851 0.000000 0.430851 0.569149
GTGGGA 0.000000 0.099526 0.000000 0.099526 0.900474
GCGAGT 0.000000 0.638298 0.000000 0.638298 0.361702
GCTGAA 0.000000 0.777778 0.000000 0.777778 0.222222
GTCGCA 0.000000 0.377264 0.000000 0.377264 0.622736
GACTTT 0.000000 0.948276 0.000000 0.948276 0.051724
GAGTTT 0.000000 0.931818 0.000000 0.931818 0.068182
TATCTC 0.000000 0.827786 0.000000 0.827786 0.172214
GTGGGC 0.000000 0.250000 0.000000 0.250000 0.750000
ATAAGA 0.000000 0.679276 0.000000 0.679276 0.320724
GCATGT 0.000000 0.896484 0.000000 0.896484 0.103516
GCGACT 0.000000 0.826996 0.000000 0.826996 0.173004
CCCTGG 0.000000 0.543860 0.000000 0.543860 0.456140
CCCTCG 0.000000 0.825328 0.000000 0.825328 0.174672
GCTGAC 0.000000 0.982857 0.000000 0.982857 0.017143
GTCGCC 0.000000 0.926471 0.000000 0.926471 0.073529
CCGTCG 0.000000 0.900524 0.000000 0.900524 0.099476
GCATCT 0.000000 0.786885 0.000000 0.786885 0.213115
ATCTCA 0.000000 0.402866 0.000000 0.402866 0.597134
ATCTGC 0.000000 0.792244 0.000000 0.792244 0.207756
TATCTG 0.000000 0.702957 0.000000 0.702957 0.297043
GTGGGG 0.000000 0.926829 0.000000 0.926829 0.073171
GCTGAG 0.000000 0.226337 0.000000 0.226337 0.773663
GTCGCG 0.000000 0.923858 0.000000 0.923858 0.076142
ATAAGG 0.000000 0.691388 0.000000 0.691388 0.308612
GCTAGA 0.000000 0.505391 0.000000 0.505391 0.494609
ATCTGG 0.000000 0.945652 0.000000 0.945652 0.054348
GCTACA 0.000000 0.930348 0.000000 0.930348 0.069652
ATCTCG 0.000000 0.702703 0.000000 0.702703 0.297297
GCTAGC 0.000000 0.645161 0.000000 0.645161 0.354839
GTCAAA 0.000000 1.000000 0.000000 1.000000 0.000000
CGCTAT 0.000000 0.837209 0.000000 0.837209 0.162791
TAGTAA 0.000000 0.529412 0.000000 0.529412 0.470588
GTATAA 0.000000 0.730769 0.000000 0.730769 0.269231
GCTACC 0.000000 0.645161 0.000000 0.645161 0.354839
GTCAAC 0.000000 0.571429 0.000000 0.571429 0.428571
GTGAAC 0.000000 0.520833 0.000000 0.520833 0.479167
ATAGAT 0.000000 0.571429 0.000000 0.571429 0.428571
TAGTAC 0.000000 0.567365 0.000000 0.567365 0.432635
GTATAC 0.000000 0.448435 0.000000 0.448435 0.551565
TACTAC 0.000000 0.849810 0.000000 0.849810 0.150190
CCGTGT 0.000000 0.916667 0.000000 0.916667 0.083333
CCCTGT 0.000000 0.644860 0.000000 0.644860 0.355140
GCTACG 0.000000 0.363636 0.000000 0.363636 0.636364
CCGTCT 0.000000 0.640000 0.000000 0.640000 0.360000
CCCTCT 0.000000 0.875000 0.000000 0.875000 0.125000
GTCAAG 0.000000 0.148148 0.000000 0.148148 0.851852
TGTGTA 0.000000 0.184935 0.000000 0.184935 0.815065
TAGTAG 0.000000 0.643077 0.000000 0.643077 0.356923
TACTAG 0.000000 0.124521 0.000000 0.124521 0.875479
GTATAG 0.000000 0.408925 0.000000 0.408925 0.591075
TGTGTC 0.000000 0.155289 0.000000 0.155289 0.844711
GTCGCT 0.000000 0.776256 0.000000 0.776256 0.223744
GCTGAT 0.000000 0.825949 0.000000 0.825949 0.174051
ATAAGT 0.000000 0.474490 0.000000 0.474490 0.525510
CATATA 0.000000 0.929548 0.000000 0.929548 0.070452
ATCTGT 0.000000 0.757092 0.000000 0.757092 0.242908
TTCGTA 0.000000 0.701515 0.000000 0.701515 0.298485
CATATC 0.000000 0.353041 0.000000 0.353041 0.646959
TGTGTG 0.000000 0.861552 0.000000 0.861552 0.138448
ATCTCT 0.000000 0.445676 0.000000 0.445676 0.554324
TTCGTC 0.000000 0.600000 0.000000 0.600000 0.400000
CCTTCA 0.000000 0.825641 0.000000 0.825641 0.174359
CTGTAA 0.000000 0.812500 0.000000 0.812500 0.187500
GGTAAT 0.000000 0.844311 0.000000 0.844311 0.155689
CCTTGC 0.000000 0.868687 0.000000 0.868687 0.131313
CTCTAC 0.000000 0.622857 0.000000 0.622857 0.377143
CATATG 0.000000 0.355856 0.000000 0.355856 0.644144
GCTAGT 0.000000 0.436508 0.000000 0.436508 0.563492
TTCGTG 0.000000 0.627907 0.000000 0.627907 0.372093
AGACGA 0.000000 0.795000 0.000000 0.795000 0.205000
GTGAAT 0.000000 0.902913 0.000000 0.902913 0.097087
AGACCA 0.000000 0.481848 0.000000 0.481848 0.518152
AGACGC 0.000000 0.326087 0.000000 0.326087 0.673913
TCTATA 0.000000 0.906475 0.000000 0.906475 0.093525
CTGTAG 0.000000 0.543557 0.000000 0.543557 0.456443
GTATAT 0.000000 0.942073 0.000000 0.942073 0.057927
CTCTAG 0.000000 0.455518 0.000000 0.455518 0.544482
TAGTAT 0.000000 0.633929 0.000000 0.633929 0.366071
CTTCTT 0.000000 0.688312 0.000000 0.688312 0.311688
TCTATC 0.000000 0.589744 0.000000 0.589744 0.410256
AGACGG 0.000000 0.838235 0.000000 0.838235 0.161765
ACACAA 0.000000 0.839506 0.000000 0.839506 0.160494
AGACCG 0.000000 0.634921 0.000000 0.634921 0.365079
TGTGTT 0.000000 0.790210 0.000000 0.790210 0.209790
GCGTGA 0.000000 0.361111 0.000000 0.361111 0.638889
ACACAC 0.000000 0.929677 0.000000 0.929677 0.070323
GCGTCA 0.000000 1.000000 0.000000 1.000000 0.000000
GGGCAA 0.000000 0.918919 0.000000 0.918919 0.081081
GGCCAA 0.000000 0.910920 0.000000 0.910920 0.089080
GCGTGC 0.000000 0.920430 0.000000 0.920430 0.079570
ACACAG 0.000000 0.409289 0.000000 0.409289 0.590711
TTCGTT 0.000000 0.863636 0.000000 0.863636 0.136364
GAACTC 0.000000 0.657635 0.000000 0.657635 0.342365
AGTGAA 0.000000 0.444444 0.000000 0.444444 0.555556
CCTTCT 0.000000 0.861111 0.000000 0.861111 0.138889
GGGCAG 0.000000 0.755034 0.000000 0.755034 0.244966
CTGTAT 0.000000 0.874016 0.000000 0.874016 0.125984
GCGTCG 0.000000 0.768868 0.000000 0.768868 0.231132
AGTGAC 0.000000 0.726087 0.000000 0.726087 0.273913
ACTGGA 0.000000 0.055615 0.000000 0.055615 0.944385
ACTGCA 0.000000 0.625000 0.000000 0.625000 0.375000
GCCCGG 0.000000 0.731884 0.000000 0.731884 0.268116
ACTGGC 0.000000 0.950000 0.000000 0.950000 0.050000
ATGGAA 0.000000 0.915663 0.000000 0.915663 0.084337
AGACGT 0.000000 0.522556 0.000000 0.522556 0.477444
AGACCT 0.000000 0.154545 0.000000 0.154545 0.845455
AGTGAG 0.000000 0.485861 0.000000 0.485861 0.514139
ATGGAC 0.000000 0.878788 0.000000 0.878788 0.121212
CGACAA 0.000000 0.742857 0.000000 0.742857 0.257143
AGTAGA 0.000000 0.817603 0.000000 0.817603 0.182397
ACTGGG 0.000000 0.938356 0.000000 0.938356 0.061644
AGTACA 0.000000 0.938416 0.000000 0.938416 0.061584
ACTGCG 0.000000 0.551724 0.000000 0.551724 0.448276
CAGCTA 0.000000 0.622222 0.000000 0.622222 0.377778
CGACAC 0.000000 0.911765 0.000000 0.911765 0.088235
GTTCTA 0.000000 0.271127 0.000000 0.271127 0.728873
AGTAGC 0.000000 0.150235 0.000000 0.150235 0.849765
ACACAT 0.000000 0.165188 0.000000 0.165188 0.834812
CCACGA 0.000000 0.515152 0.000000 0.515152 0.484848
GTTCTC 0.000000 0.932271 0.000000 0.932271 0.067729
CAGCTC 0.000000 0.714373 0.000000 0.714373 0.285627
CACCTC 0.000000 0.804320 0.000000 0.804320 0.195680
ATGAGA 0.000000 0.758065 0.000000 0.758065 0.241935
GCGTGT 0.000000 0.780702 0.000000 0.780702 0.219298
GGGCAT 0.000000 0.666667 0.000000 0.666667 0.333333
ACTAAA 0.000000 0.545455 0.000000 0.545455 0.454545
GGCCAT 0.000000 0.354839 0.000000 0.354839 0.645161
ATATGA 0.000000 0.802439 0.000000 0.802439 0.197561
ATGACA 0.000000 0.860714 0.000000 0.860714 0.139286
CCACCC 0.000000 0.759615 0.000000 0.759615 0.240385
CGACAG 0.000000 0.650354 0.000000 0.650354 0.349646
GCGTCT 0.000000 0.394737 0.000000 0.394737 0.605263
ATATCA 0.000000 0.860534 0.000000 0.860534 0.139466
AGTACG 0.000000 0.293532 0.000000 0.293532 0.706468
ATGAGC 0.000000 0.615094 0.000000 0.615094 0.384906
ATATGC 0.000000 0.763285 0.000000 0.763285 0.236715
ACTAAC 0.000000 0.903614 0.000000 0.903614 0.096386
CAGCTG 0.000000 0.799087 0.000000 0.799087 0.200913
ATATCC 0.000000 0.857143 0.000000 0.857143 0.142857
CCACCG 0.000000 0.433735 0.000000 0.433735 0.566265
GATATA 0.000000 0.822245 0.000000 0.822245 0.177755
AGTGAT 0.000000 0.843373 0.000000 0.843373 0.156627
TCGCTA 0.000000 0.136986 0.000000 0.136986 0.863014
GGTTAC 0.000000 0.917355 0.000000 0.917355 0.082645
ATGACG 0.000000 0.796610 0.000000 0.796610 0.203390
ATATGG 0.000000 0.890625 0.000000 0.890625 0.109375
ACTAAG 0.000000 0.497487 0.000000 0.497487 0.502513
ATATCG 0.000000 0.406015 0.000000 0.406015 0.593985
GATATC 0.000000 0.505988 0.000000 0.505988 0.494012
TCGCTC 0.000000 0.819277 0.000000 0.819277 0.180723
GCTTCA 0.000000 0.336493 0.000000 0.336493 0.663507
ACTGCT 0.000000 0.219512 0.000000 0.219512 0.780488
GCTTGC 0.000000 0.919492 0.000000 0.919492 0.080508
GCTTCC 0.000000 0.857143 0.000000 0.857143 0.142857
ATGGAT 0.000000 0.437500 0.000000 0.437500 0.562500
GTCTAC 0.000000 0.741935 0.000000 0.741935 0.258065
GATATG 0.000000 0.576923 0.000000 0.576923 0.423077
GTGTAC 0.000000 0.629292 0.000000 0.629292 0.370708
TCGCTG 0.000000 0.805556 0.000000 0.805556 0.194444
TAACAA 0.000000 0.955285 0.000000 0.955285 0.044715
CGACAT 0.000000 0.511429 0.000000 0.511429 0.488571
AGTAGT 0.000000 0.869048 0.000000 0.869048 0.130952
AGTACT 0.000000 0.600649 0.000000 0.600649 0.399351
GTCTAG 0.000000 0.445887 0.000000 0.445887 0.554113
GTGTAG 0.000000 0.505977 0.000000 0.505977 0.494023
ATGAGT 0.000000 0.704036 0.000000 0.704036 0.295964
CATTTA 0.000000 0.854545 0.000000 0.854545 0.145455
TAACAG 0.000000 0.135135 0.000000 0.135135 0.864865
ATATGT 0.000000 0.835714 0.000000 0.835714 0.164286
CCTAGA 0.000000 0.510638 0.000000 0.510638 0.489362
ATATCT 0.000000 0.189189 0.000000 0.189189 0.810811
CCTACA 0.000000 0.750000 0.000000 0.750000 0.250000
CCTAGC 0.000000 0.797980 0.000000 0.797980 0.202020
CAAGGA 0.000000 0.712281 0.000000 0.712281 0.287719
TATGGA 0.000000 0.598446 0.000000 0.598446 0.401554
CAAGCA 0.000000 0.542857 0.000000 0.542857 0.457143
TATGCA 0.000000 0.708182 0.000000 0.708182 0.291818
CATTTG 0.000000 0.399504 0.000000 0.399504 0.600496
ATTAGA 0.000000 0.897196 0.000000 0.897196 0.102804
TTTCAA 0.000000 0.909836 0.000000 0.909836 0.090164
CTACAA 0.000000 0.747283 0.000000 0.747283 0.252717
CAAGGC 0.000000 0.800699 0.000000 0.800699 0.199301
AGGCGA 0.000000 0.568027 0.000000 0.568027 0.431973
TATGCC 0.000000 0.647059 0.000000 0.647059 0.352941
ATTACA 0.000000 0.937255 0.000000 0.937255 0.062745
CAAGCC 0.000000 0.822222 0.000000 0.822222 0.177778
AGGCCA 0.000000 0.756757 0.000000 0.756757 0.243243
ATTAGC 0.000000 0.862319 0.000000 0.862319 0.137681
AGGCGC 0.000000 0.666667 0.000000 0.666667 0.333333
GTGTAT 0.000000 0.800922 0.000000 0.800922 0.199078
GTCTAT 0.000000 0.755245 0.000000 0.755245 0.244755
CAAGGG 0.000000 0.888889 0.000000 0.888889 0.111111
TATGCG 0.000000 0.790960 0.000000 0.790960 0.209040
TCTTTC 0.000000 0.494163 0.000000 0.494163 0.505837
TTTCAG 0.000000 0.827586 0.000000 0.827586 0.172414
TAACAT 0.000000 0.400000 0.000000 0.400000 0.600000
ACGCAA 0.000000 0.871795 0.000000 0.871795 0.128205
CTACAG 0.000000 0.275835 0.000000 0.275835 0.724165
TGAGAC 0.000000 0.307229 0.000000 0.307229 0.692771
AGGCCG 0.000000 0.346774 0.000000 0.346774 0.653226
TCAGGA 0.000000 0.097973 0.000000 0.097973 0.902027
ACGCAC 0.000000 0.906646 0.000000 0.906646 0.093354
TATAAA 0.000000 0.830189 0.000000 0.830189 0.169811
GGACAA 0.000000 0.893939 0.000000 0.893939 0.106061
TCAGCA 0.000000 0.869110 0.000000 0.869110 0.130890
TCTTTG 0.000000 0.132937 0.000000 0.132937 0.867063
TCAGGC 0.000000 0.412202 0.000000 0.412202 0.587798
GACCTA 0.000000 0.227273 0.000000 0.227273 0.772727
GGACAC 0.000000 0.653846 0.000000 0.653846 0.346154
GAGCTA 0.000000 0.666667 0.000000 0.666667 0.333333
TGAGAG 0.000000 0.638655 0.000000 0.638655 0.361345
ACGCAG 0.000000 0.468750 0.000000 0.468750 0.531250
GCACGA 0.000000 0.554688 0.000000 0.554688 0.445312
GAGCTC 0.000000 0.160194 0.000000 0.160194 0.839806
GACCTC 0.000000 0.576826 0.000000 0.576826 0.423174
CCTACT 0.000000 0.655462 0.000000 0.655462 0.344538
CTTGGC 0.000000 0.905380 0.000000 0.905380 0.094620
GCACGC 0.000000 0.824324 0.000000 0.824324 0.175676
TGAACA 0.000000 0.761468 0.000000 0.761468 0.238532
CTTGCC 0.000000 0.648352 0.000000 0.648352 0.351648
TCAGCG 0.000000 0.865096 0.000000 0.865096 0.134904
GGACAG 0.000000 0.444444 0.000000 0.444444 0.555556
TATAAG 0.000000 0.287513 0.000000 0.287513 0.712487
GACCTG 0.000000 0.794574 0.000000 0.794574 0.205426
GAGCTG 0.000000 0.562044 0.000000 0.562044 0.437956
ATTAGT 0.000000 0.891304 0.000000 0.891304 0.108696
AGGCGT 0.000000 0.680272 0.000000 0.680272 0.319728
AGGCCT 0.000000 0.615385 0.000000 0.615385 0.384615
TGAACG 0.000000 0.692661 0.000000 0.692661 0.307339
CGCCAC 0.000000 0.886957 0.000000 0.886957 0.113043
AGTTCA 0.000000 0.746269 0.000000 0.746269 0.253731
TGAGAT 0.000000 0.563596 0.000000 0.563596 0.436404
ACGCAT 0.000000 0.853659 0.000000 0.853659 0.146341
CAACTC 0.000000 0.943353 0.000000 0.943353 0.056647
ACAGTA 0.000000 0.781977 0.000000 0.781977 0.218023
CCCCCA 0.000000 0.026460 0.000000 0.026460 0.973540
CCGCGC 0.000000 0.913223 0.000000 0.913223 0.086777
TCAGGT 0.000000 0.600000 0.000000 0.600000 0.400000
TCAGCT 0.000000 0.764940 0.000000 0.764940 0.235060
GGACAT 0.000000 0.455882 0.000000 0.455882 0.544118
ACAGTC 0.000000 0.856631 0.000000 0.856631 0.143369
CCCCCC 0.000000 0.989354 0.000000 0.989354 0.010646
ATGTGA 0.000000 0.149173 0.000000 0.149173 0.850827
GGCGTA 0.000000 0.610714 0.000000 0.610714 0.389286
AGTTGG 0.000000 0.895833 0.000000 0.895833 0.104167
ATGTCA 0.000000 0.829676 0.000000 0.829676 0.170324
CAACTG 0.000000 0.830000 0.000000 0.830000 0.170000
AGTTCG 0.000000 0.583815 0.000000 0.583815 0.416185
GACCTT 0.000000 0.520833 0.000000 0.520833 0.479167
ATGTGC 0.000000 0.313755 0.000000 0.313755 0.686245
AGAATA 0.000000 0.766667 0.000000 0.766667 0.233333
GCACGT 0.000000 0.425824 0.000000 0.425824 0.574176
CTTGCT 0.000000 0.877797 0.000000 0.877797 0.122203
ATCCGA 0.000000 0.625000 0.000000 0.625000 0.375000
ACAGTG 0.000000 0.592949 0.000000 0.592949 0.407051
GCACCT 0.000000 0.887173 0.000000 0.887173 0.112827
TGAACT 0.000000 0.272727 0.000000 0.272727 0.727273
AACGAA 0.000000 0.838542 0.000000 0.838542 0.161458
TCACTA 0.000000 0.685520 0.000000 0.685520 0.314480
ATCCGC 0.000000 0.885542 0.000000 0.885542 0.114458
ATGTGG 0.000000 0.380342 0.000000 0.380342 0.619658
ACTTAG 0.000000 0.673077 0.000000 0.673077 0.326923
ATGTCG 0.000000 0.770192 0.000000 0.770192 0.229808
TCACTC 0.000000 0.312758 0.000000 0.312758 0.687242
AGAATG 0.000000 0.309859 0.000000 0.309859 0.690141
ATCCGG 0.000000 0.333333 0.000000 0.333333 0.666667
TCACTG 0.000000 0.525000 0.000000 0.525000 0.475000
GAAGCA 0.000000 0.861244 0.000000 0.861244 0.138756
GAAGGC 0.000000 0.781250 0.000000 0.781250 0.218750
CGCCAT 0.000000 0.456522 0.000000 0.456522 0.543478
AACAGA 0.000000 0.869141 0.000000 0.869141 0.130859
AACACA 0.000000 0.961749 0.000000 0.961749 0.038251
CGAGTA 0.000000 0.816619 0.000000 0.816619 0.183381
TAGCAC 0.000000 0.866667 0.000000 0.866667 0.133333
CAACTT 0.000000 0.967078 0.000000 0.967078 0.032922
