TAGCTT 0.308532 0.376984 0.314484 0.000000
CAGGTC 0.278195 0.000000 0.330827 0.390977
CACTGC 0.221557 0.000000 0.101796 0.676647
CATGTG 0.636364 0.214545 0.000000 0.149091
AGCGTC 0.189655 0.000000 0.198276 0.612069
CAATCA 0.000000 0.125654 0.612565 0.261780
ACAGCA 0.000000 0.095238 0.214286 0.690476
ACTATA 0.000000 0.181034 0.706897 0.112069
TGAGAC 0.118750 0.000000 0.114583 0.766667
GGCAGA 0.000000 0.081633 0.510204 0.408163
GATGCA 0.000000 0.087912 0.549451 0.362637
CGCGCC 0.331683 0.000000 0.158416 0.509901
TCTCGA 0.000000 0.109813 0.619159 0.271028
AAAAAA 0.000000 0.460459 0.198980 0.340561
GCCGAC 0.212857 0.000000 0.178571 0.608571
TTTGAC 0.215596 0.000000 0.229358 0.555046
CTTCTT 0.218750 0.481250 0.300000 0.000000
GTCAAA 0.000000 0.277778 0.490741 0.231481
ATCAGA 0.000000 0.201887 0.533711 0.264403
GCGTAT 0.279373 0.360313 0.360313 0.000000
TGTACT 0.229249 0.695652 0.075099 0.000000
ACGTGT 0.238519 0.462222 0.299259 0.000000
GACGAC 0.133922 0.000000 0.161373 0.704706
TGTGTC 0.152885 0.000000 0.224519 0.622596
TCATCT 0.227116 0.576857 0.196028 0.000000
GTCTCG 0.637131 0.191280 0.000000 0.171589
TGCCCT 0.189732 0.622768 0.187500 0.000000
ACTACG 0.440000 0.180000 0.000000 0.380000
CCTACA 0.000000 0.252632 0.515789 0.231579
TCACAA 0.000000 0.185185 0.703704 0.111111
GTAGGT 0.245283 0.622642 0.132075 0.000000
CTCGTG 0.524836 0.216339 0.000000 0.258825
TCTCTA 0.000000 0.126706 0.745614 0.127680
CCCCCA 0.000000 0.542125 0.336996 0.120879
AATATA 0.000000 0.133333 0.844444 0.022222
GAGTAT 0.307377 0.399590 0.293033 0.000000
AACCTA 0.000000 0.219512 0.512195 0.268293
AAGTGT 0.111111 0.225806 0.663082 0.000000
AGGCAG 0.698864 0.090909 0.000000 0.210227
TATCGA 0.000000 0.117684 0.652345 0.229971
GGTCGC 0.258621 0.000000 0.068966 0.672414
GTCGCA 0.000000 0.204365 0.572150 0.223485
TAACAA 0.000000 0.137615 0.532110 0.330275
AGACGC 0.166667 0.000000 0.154762 0.678571
ATTTAA 0.000000 0.162162 0.486486 0.351351
GAGATG 0.658019 0.201258 0.000000 0.140723
ATCATA 0.000000 0.261954 0.586749 0.151298
AACACT 0.345679 0.438272 0.216049 0.000000
AGATAA 0.000000 0.157534 0.404110 0.438356
GTTCAC 0.200000 0.000000 0.384615 0.415385
CGGGAC 0.341699 0.000000 0.193050 0.465251
ATTCGC 0.072727 0.000000 0.363636 0.563636
AAGACC 0.276025 0.000000 0.165089 0.558885
ATGTGG 0.338583 0.354331 0.000000 0.307087
CGTGAG 0.504403 0.177156 0.000000 0.318441
ATACAC 0.194760 0.000000 0.152350 0.652890
CTGTGA 0.000000 0.214502 0.518127 0.267372
TTATCG 0.519380 0.286822 0.000000 0.193798
CATACA 0.000000 0.177296 0.602041 0.220663
GGACAC 0.220588 0.000000 0.073529 0.705882
TATCTA 0.000000 0.141429 0.753571 0.105000
TCTACT 0.193141 0.707581 0.099278 0.000000
TCAGAC 0.212963 0.000000 0.089844 0.697193
TCTGTC 0.170192 0.000000 0.177472 0.652336
TTAAAA 0.000000 0.494118 0.305882 0.200000
ATCACG 0.736607 0.116071 0.000000 0.147321
AACGTC 0.100629 0.000000 0.238994 0.660377
CTCACA 0.000000 0.206718 0.522610 0.270672
AGTTTA 0.000000 0.327177 0.374670 0.298153
GTAGTT 0.250000 0.486111 0.263889 0.000000
TCGCCC 0.080402 0.000000 0.211055 0.708543
GTGTAG 0.655328 0.076654 0.000000 0.268018
CCGTCT 0.098039 0.776961 0.125000 0.000000
TAAGAC 0.231382 0.000000 0.156789 0.611829
TCTCCG 0.557692 0.115385 0.000000 0.326923
GACAGA 0.000000 0.172912 0.597966 0.229122
ACGCAG 0.850746 0.050746 0.000000 0.098507
ATTCTC 0.405405 0.000000 0.216216 0.378378
GCTCGC 0.181686 0.000000 0.263081 0.555233
TGAATA 0.000000 0.269874 0.520921 0.209205
GTATGC 0.280335 0.000000 0.163180 0.556485
GTGGAA 0.000000 0.202020 0.343434 0.454545
AGACTC 0.192088 0.000000 0.229543 0.578369
ACGAAT 0.186275 0.600000 0.213725 0.000000
TATCCG 0.642857 0.142857 0.000000 0.214286
TTAGCA 0.000000 0.146409 0.574586 0.279006
AGCTCT 0.247573 0.655340 0.097087 0.000000
GCCATA 0.000000 0.299296 0.482394 0.218310
AGTAAA 0.000000 0.266667 0.640000 0.093333
TTTATA 0.000000 0.203704 0.694444 0.101852
ACATAA 0.000000 0.126984 0.539683 0.333333
AGCCAA 0.000000 0.224719 0.685393 0.089888
TTGTGT 0.264317 0.572687 0.162996 0.000000
AGGTCC 0.131579 0.000000 0.324561 0.543860
TATACT 0.139241 0.767932 0.092827 0.000000
CAACTT 0.142857 0.580952 0.276190 0.000000
TCAAGA 0.000000 0.188679 0.377358 0.433962
AAGAAT 0.229508 0.639344 0.131148 0.000000
TATGTC 0.119940 0.000000 0.142429 0.737631
AGTTCG 0.649329 0.166107 0.000000 0.184564
CGCTAC 0.271186 0.000000 0.207627 0.521186
CGTTCA 0.000000 0.406557 0.449180 0.144262
GACATA 0.000000 0.206842 0.627456 0.165702
CTGTTA 0.000000 0.098039 0.751634 0.150327
GCACAC 0.174603 0.000000 0.238095 0.587302
ACACGC 0.071429 0.000000 0.157143 0.771429
TGAACG 0.667273 0.156364 0.000000 0.176364
CAGTCT 0.190758 0.736310 0.072932 0.000000
TTCACT 0.239437 0.464789 0.295775 0.000000
AAGCAG 0.670330 0.109890 0.000000 0.219780
GATCGC 0.256158 0.000000 0.189655 0.554187
AGTGCA 0.000000 0.175579 0.654189 0.170232
GAGTGG 0.490323 0.322581 0.000000 0.187097
GCGGGA 0.000000 0.407407 0.222222 0.370370
CCGGAC 0.300000 0.000000 0.050000 0.650000
TCGCAT 0.090226 0.601504 0.308271 0.000000
AAGGCT 0.074074 0.822222 0.103704 0.000000
CTACTG 0.595122 0.219512 0.000000 0.185366
GCTCTC 0.259259 0.000000 0.379630 0.361111
GTACCA 0.000000 0.031746 0.841270 0.126984
CTGTCG 0.758475 0.088983 0.000000 0.152542
GGAAGC 0.254545 0.000000 0.154545 0.590909
ACACTC 0.253125 0.000000 0.237500 0.509375
CATGAG 0.543651 0.150794 0.000000 0.305556
AGCGAC 0.248159 0.000000 0.201729 0.550112
TTCGTC 0.055556 0.000000 0.143162 0.801282
GAACAC 0.425926 0.000000 0.074074 0.500000
CGTCGT 0.210245 0.577375 0.212380 0.000000
GATCTC 0.219714 0.000000 0.319037 0.461249
TGTTCT 0.469136 0.333333 0.197531 0.000000
CACGAT 0.103139 0.556054 0.340807 0.000000
CCTTCA 0.000000 0.281046 0.385621 0.333333
TGGAGT 0.099237 0.683206 0.217557 0.000000
GTAAAC 0.295699 0.000000 0.096774 0.607527
CAGGAC 0.248466 0.000000 0.130879 0.620654
GACACG 0.672897 0.177570 0.000000 0.149533
CCGAGA 0.000000 0.330275 0.275229 0.394495
CGGATA 0.000000 0.178899 0.741590 0.079511
ACCTCT 0.183857 0.331839 0.484305 0.000000
ACTAAA 0.000000 0.421875 0.359375 0.218750
CCACCC 0.191358 0.000000 0.259259 0.549383
CGACAT 0.215342 0.577634 0.207024 0.000000
TTTTGA 0.000000 0.425837 0.349282 0.224880
CTCGAG 0.458432 0.173397 0.000000 0.368171
GCGAAG 0.676190 0.104762 0.000000 0.219048
AACCAA 0.000000 0.133333 0.600000 0.266667
TCAACG 0.884817 0.068063 0.000000 0.047120
CTTCAT 0.230769 0.482517 0.286713 0.000000
GGCTCG 0.565957 0.182979 0.000000 0.251064
TGATGA 0.000000 0.218056 0.550000 0.231944
GCAAGC 0.257143 0.000000 0.242857 0.500000
AATTCG 0.593023 0.223256 0.000000 0.183721
CGCGTG 0.645492 0.245902 0.000000 0.108607
CATTCA 0.000000 0.154930 0.595657 0.249413
ACCGAC 0.219424 0.000000 0.121103 0.659472
GGAATC 0.076923 0.000000 0.333333 0.589744
ACTGCA 0.000000 0.192523 0.652336 0.155140
CGGACG 0.804688 0.054688 0.000000 0.140625
TGTGAC 0.230647 0.000000 0.115209 0.654144
CAGAGA 0.000000 0.271084 0.451807 0.277108
TAAACG 0.533333 0.206667 0.000000 0.260000
GGCAAA 0.000000 0.301370 0.493151 0.205479
AGCAGA 0.000000 0.202899 0.565217 0.231884
ATCTCG 0.557159 0.184758 0.000000 0.258083
TCGAGT 0.169096 0.513120 0.317784 0.000000
CTCTCA 0.000000 0.171776 0.563260 0.264964
CCCGGG 0.226148 0.314488 0.000000 0.459364
GACTGA 0.000000 0.188889 0.511111 0.300000
ACGATG 0.675159 0.135881 0.000000 0.188960
CCTCGT 0.320225 0.412921 0.266854 0.000000
TCGCGG 0.481481 0.222222 0.000000 0.296296
ATCAAA 0.000000 0.309091 0.600000 0.090909
ACGTAT 0.184448 0.462929 0.352622 0.000000
GAAAGC 0.140625 0.000000 0.078125 0.781250
AGCATA 0.000000 0.409357 0.450292 0.140351
CATCGT 0.369846 0.396401 0.233753 0.000000
TGTAGA 0.000000 0.235880 0.480066 0.284053
TCATGA 0.000000 0.206186 0.649485 0.144330
TGCCGA 0.000000 0.228758 0.313725 0.457516
TATCAA 0.000000 0.232877 0.493151 0.273973
TAGAGT 0.380460 0.418391 0.201149 0.000000
AGTCGC 0.140499 0.000000 0.177536 0.681965
ATCGCA 0.000000 0.173841 0.582781 0.243377
AGGTGG 0.511278 0.157895 0.000000 0.330827
CCGACG 0.790323 0.112903 0.000000 0.096774
AGACAC 0.260274 0.000000 0.143836 0.595890
CGGTGA 0.000000 0.037736 0.811321 0.150943
TCTGAC 0.300792 0.000000 0.174142 0.525066
TGATCG 0.725694 0.138889 0.000000 0.135417
CCTCTT 0.246667 0.400000 0.353333 0.000000
CAGATA 0.000000 0.148876 0.734999 0.116125
GTAGAT 0.180000 0.590000 0.230000 0.000000
TTGTCC 0.320000 0.000000 0.353333 0.326667
CAACAT 0.118644 0.694915 0.186441 0.000000
GCCTCG 0.575893 0.224702 0.000000 0.199405
AGCACG 0.658683 0.233533 0.000000 0.107784
ATGTAG 0.781551 0.076520 0.000000 0.141929
CTGTAA 0.000000 0.227273 0.560606 0.212121
CGCACA 0.000000 0.285714 0.520408 0.193878
GTGCCT 0.129464 0.732143 0.138393 0.000000
GGAGTT 0.311628 0.446512 0.241860 0.000000
CGACGG 0.562500 0.250000 0.000000 0.187500
CTCCGT 0.198276 0.603448 0.198276 0.000000
AGTCTC 0.190334 0.000000 0.334184 0.475482
TCGCTG 0.424603 0.206349 0.000000 0.369048
GACTCG 0.691858 0.138947 0.000000 0.169195
TAATGA 0.000000 0.349442 0.509294 0.141264
CTGCGC 0.087500 0.000000 0.375000 0.537500
CACGTG 0.562227 0.177948 0.000000 0.259825
CAGACG 0.588969 0.143720 0.000000 0.267311
TATGAC 0.159091 0.000000 0.068182 0.772727
CTACAG 0.638044 0.120751 0.000000 0.241205
TCTAGA 0.000000 0.151420 0.635647 0.212934
TGAGCA 0.000000 0.138790 0.661922 0.199288
TAGCTG 0.629808 0.206731 0.000000 0.163462
GACAAA 0.000000 0.215432 0.616843 0.167725
TGTATA 0.000000 0.168970 0.679120 0.151911
TCATTA 0.000000 0.105960 0.746689 0.147351
AACAGA 0.000000 0.156250 0.473380 0.370370
GCTCAC 0.145377 0.000000 0.263990 0.590633
GTATAC 0.237522 0.000000 0.230637 0.531842
ACTCGC 0.090909 0.000000 0.145455 0.763636
ATATGC 0.234644 0.000000 0.277641 0.487715
TAGATT 0.062500 0.604167 0.333333 0.000000
CCGTGA 0.000000 0.107595 0.708861 0.183544
TTCGAC 0.124486 0.000000 0.123457 0.752058
ATGGAA 0.000000 0.210526 0.548246 0.241228
ACCATA 0.000000 0.241895 0.531172 0.226933
CTGCTC 0.299401 0.000000 0.173653 0.526946
TTGTAT 0.116183 0.601660 0.282158 0.000000
TGGACC 0.000000 0.000000 0.500000 0.500000
AATTAA 0.000000 0.285714 0.250000 0.464286
GCGTAG 0.672872 0.114362 0.000000 0.212766
CTAGCT 0.271318 0.410853 0.317829 0.000000
TGTACG 0.638148 0.177394 0.000000 0.184458
AACATA 0.000000 0.181911 0.714939 0.103150
CGACTG 0.555133 0.250951 0.000000 0.193916
ACACAC 0.250000 0.000000 0.213333 0.536667
TCATCG 0.622605 0.196360 0.000000 0.181034
TATAGA 0.000000 0.169583 0.508750 0.321667
TGCCCG 0.567742 0.238710 0.000000 0.193548
GGTAGC 0.393617 0.000000 0.218085 0.388298
CTCCTT 0.257732 0.360825 0.381443 0.000000
GCATGC 0.175556 0.000000 0.322222 0.502222
TACCGA 0.000000 0.030303 0.878788 0.090909
GTAGGG 0.640000 0.180000 0.000000 0.180000
GATCAC 0.088933 0.000000 0.395257 0.515810
GGACCA 0.000000 0.137097 0.741935 0.120968
CGGTCG 0.687500 0.156250 0.000000 0.156250
AAGTGG 0.537037 0.203704 0.000000 0.259259
AAACAC 0.377551 0.000000 0.214286 0.408163
CAGTGA 0.000000 0.097772 0.620050 0.282178
ACGGGA 0.000000 0.326923 0.288462 0.384615
TGCGTC 0.131034 0.000000 0.172414 0.696552
TCAGCA 0.000000 0.121539 0.648671 0.229790
TCTATA 0.000000 0.116608 0.759717 0.123675
AGCTGA 0.000000 0.105442 0.710884 0.183673
TCGTGT 0.239332 0.576180 0.184488 0.000000
ATTAGC 0.162162 0.000000 0.144144 0.693694
GTCCAC 0.263441 0.000000 0.473118 0.263441
ATCCGC 0.301587 0.000000 0.146825 0.551587
ACTCTC 0.313205 0.000000 0.210950 0.475845
TAAAAA 0.000000 0.444444 0.311111 0.244444
GGAAAC 0.359375 0.000000 0.218750 0.421875
ATACCA 0.000000 0.217584 0.556838 0.225577
CAACGG 0.300000 0.500000 0.000000 0.200000
CGTCAT 0.309829 0.273504 0.416667 0.000000
TTCAGA 0.000000 0.170139 0.666667 0.163194
GAATGC 0.234375 0.000000 0.223958 0.541667
CAAAGT 0.403846 0.384615 0.211538 0.000000
TCGACC 0.126316 0.000000 0.115789 0.757895
TGGAAT 0.222222 0.555556 0.222222 0.000000
ATAAAC 0.190476 0.000000 0.357143 0.452381
TCTACG 0.644295 0.177852 0.000000 0.177852
CCACTG 0.662338 0.246753 0.000000 0.090909
TATATA 0.000000 0.280466 0.504032 0.215502
TACCTA 0.000000 0.290102 0.498294 0.211604
GGCCTC 0.120202 0.000000 0.374747 0.505051
TAGTGT 0.266343 0.461489 0.272168 0.000000
GTAGTG 0.584843 0.217463 0.000000 0.197694
CCGTCG 0.565217 0.121739 0.000000 0.313043
TCCGTC 0.279167 0.000000 0.358333 0.362500
AAGTTG 0.521739 0.173913 0.000000 0.304348
TGACGC 0.212644 0.000000 0.103448 0.683908
CGATGT 0.232342 0.581784 0.185874 0.000000
TTCATA 0.000000 0.500000 0.375000 0.125000
CTAAGG 0.480620 0.116279 0.000000 0.403101
TACACT 0.180000 0.790000 0.030000 0.000000
GCTAGC 0.500000 0.000000 0.266667 0.233333
ATCCTC 0.175532 0.000000 0.414894 0.409574
AGCTCG 0.541904 0.333469 0.000000 0.124628
CGCTCA 0.000000 0.324468 0.345745 0.329787
GCAAAC 0.435841 0.000000 0.223451 0.340708
ACAAGC 0.366071 0.000000 0.303571 0.330357
TAGACC 0.213483 0.000000 0.181648 0.604869
CTTTGT 0.358696 0.266304 0.375000 0.000000
TATACG 0.676617 0.129353 0.000000 0.194030
CAACTG 0.427184 0.194175 0.000000 0.378641
GATAGC 0.223404 0.000000 0.180851 0.595745
GACCGC 0.223881 0.000000 0.074627 0.701493
CGAACC 0.281694 0.000000 0.092350 0.625956
GAACCA 0.000000 0.255319 0.457447 0.287234
CAGTCG 0.685829 0.120989 0.000000 0.193182
TACGTC 0.202381 0.000000 0.188988 0.608631
GACTAA 0.000000 0.293103 0.564655 0.142241
GCTATC 0.130277 0.000000 0.134279 0.735444
AGAGGT 0.263158 0.552632 0.184211 0.000000
CTTACC 0.184713 0.000000 0.382166 0.433121
CCTCAT 0.248120 0.496241 0.255639 0.000000
CTATAT 0.353488 0.316279 0.330233 0.000000
TCGCAG 0.732213 0.140316 0.000000 0.127470
TAGTTT 0.155172 0.482759 0.362069 0.000000
AAGGCG 0.506726 0.286996 0.000000 0.206278
CAGGCA 0.000000 0.269063 0.572985 0.157952
AGCGCA 0.000000 0.190828 0.642012 0.167160
TGACTC 0.237410 0.000000 0.233813 0.528777
TCGAAT 0.200000 0.566667 0.233333 0.000000
CATCAT 0.223650 0.531456 0.244895 0.000000
ATAGAT 0.203300 0.454978 0.341723 0.000000
TGCTCT 0.352362 0.474409 0.173228 0.000000
GTCAGC 0.234556 0.000000 0.139961 0.625483
GTAACA 0.000000 0.210046 0.611872 0.178082
TAGAAT 0.357143 0.595238 0.047619 0.000000
AGTCAC 0.142523 0.000000 0.468069 0.389408
AACTTA 0.000000 0.100000 0.612500 0.287500
ACAATC 0.204545 0.000000 0.113636 0.681818
CTTTTT 0.384615 0.371795 0.243590 0.000000
TTGTTG 0.326797 0.261438 0.000000 0.411765
GGGCCT 0.164226 0.663180 0.172594 0.000000
CACGAG 0.369427 0.114650 0.000000 0.515924
CGTAGT 0.338542 0.491319 0.170139 0.000000
TCACGC 0.093023 0.000000 0.255814 0.651163
GATATC 0.293651 0.000000 0.235450 0.470899
CCATGT 0.176471 0.352941 0.470588 0.000000
CGCCGT 0.092683 0.541463 0.365854 0.000000
GACCTC 0.217391 0.000000 0.318841 0.463768
TAGCAG 0.570881 0.185824 0.000000 0.243295
TGTGCA 0.000000 0.197234 0.671761 0.131004
GCTGGT 0.180723 0.602410 0.216867 0.000000
ACCTCG 0.400000 0.219355 0.000000 0.380645
TAACGC 0.027027 0.000000 0.148649 0.824324
GTTTAC 0.248677 0.000000 0.291005 0.460317
CGACAG 0.680075 0.104261 0.000000 0.215664
AGAGTT 0.080000 0.760000 0.160000 0.000000
GGATAC 0.284483 0.000000 0.103448 0.612069
AACTCG 0.829268 0.109756 0.000000 0.060976
GTGCGA 0.000000 0.166004 0.678926 0.155070
CACTCA 0.000000 0.218136 0.580110 0.201754
AGATGC 0.163386 0.000000 0.106299 0.730315
CCAACC 0.116162 0.000000 0.565657 0.318182
TCACTC 0.206742 0.000000 0.208994 0.584264
TGCGAC 0.466667 0.000000 0.088889 0.444444
GCAGAT 0.153846 0.525641 0.320513 0.000000
TCCCAA 0.000000 0.223602 0.614907 0.161491
ACAGGT 0.483373 0.204276 0.312352 0.000000
AACAAA 0.000000 0.160000 0.720000 0.120000
CAAACC 0.225446 0.000000 0.113839 0.660714
TCGTCC 0.552632 0.000000 0.184211 0.263158
GTCATC 0.182497 0.000000 0.313433 0.504071
CTTGCT 0.153846 0.444444 0.401709 0.000000
TTGGCG 0.497041 0.207101 0.000000 0.295858
CGTCTG 0.505221 0.270683 0.000000 0.224096
ACTCAC 0.337255 0.000000 0.155556 0.507190
ATATAC 0.323529 0.000000 0.183529 0.492941
TCTTCG 0.510802 0.200617 0.000000 0.288580
CCGTAA 0.000000 0.298246 0.500000 0.201754
GCGCCT 0.162651 0.674699 0.162651 0.000000
AGATTC 0.129870 0.000000 0.220779 0.649351
CCGCGC 0.268182 0.000000 0.236364 0.495455
AACGCA 0.000000 0.238095 0.523810 0.238095
CCTCGG 0.666667 0.166667 0.000000 0.166667
GTGGGC 0.270833 0.000000 0.208333 0.520833
ACGTAG 0.571656 0.121019 0.000000 0.307325
TACTCT 0.169399 0.546448 0.284153 0.000000
GCTTGC 0.171103 0.000000 0.361217 0.467681
TATAAA 0.000000 0.240964 0.530120 0.228916
ATTCCA 0.000000 0.250000 0.600000 0.150000
CAGCGC 0.311321 0.000000 0.188679 0.500000
GCATAC 0.157068 0.000000 0.308901 0.534031
AGTAGC 0.212245 0.000000 0.167347 0.620408
ACATGC 0.197368 0.000000 0.271053 0.531579
ATAGGG 0.750000 0.090909 0.000000 0.159091
GTGCTA 0.000000 0.206070 0.660543 0.133387
CTAGGA 0.000000 0.219355 0.496774 0.283871
AGACCA 0.000000 0.185502 0.492009 0.322489
TCTGCA 0.000000 0.091538 0.780000 0.128462
AAGTAG 0.682759 0.151724 0.000000 0.165517
GAGCCT 0.242424 0.454545 0.303030 0.000000
CATAGT 0.390244 0.349593 0.260163 0.000000
TAGAGG 0.405063 0.126582 0.000000 0.468354
CCGCTC 0.116071 0.000000 0.160714 0.723214
ATTAAC 0.162791 0.000000 0.098837 0.738372
TGCAGA 0.000000 0.194175 0.631068 0.174757
CCTCTG 0.272189 0.603550 0.000000 0.124260
TATGCA 0.000000 0.192389 0.614165 0.193446
GGTGCC 0.195652 0.000000 0.239130 0.565217
GTGACT 0.173441 0.688541 0.138019 0.000000
GTAGAG 0.750693 0.102493 0.000000 0.146814
AGAAAC 0.236842 0.000000 0.210526 0.552632
CTCAGT 0.164579 0.705845 0.129576 0.000000
CCTATT 0.204255 0.417021 0.378723 0.000000
CAACAG 0.648649 0.108108 0.000000 0.243243
TCGATG 0.795337 0.132124 0.000000 0.072539
CCCCTT 0.337500 0.166667 0.495833 0.000000
CTGAGC 0.188525 0.000000 0.244877 0.566598
GAATAC 0.182796 0.000000 0.236559 0.580645
GGAGTG 0.556180 0.213483 0.000000 0.230337
CTTAGG 0.450413 0.305785 0.000000 0.243802
TCGTAT 0.175841 0.468654 0.355505 0.000000
TACGAC 0.071429 0.000000 0.142857 0.785714
AAGGAA 0.000000 0.175000 0.575000 0.250000
GTGGTC 0.102326 0.000000 0.218605 0.679070
CGAAGG 0.540541 0.135135 0.000000 0.324324
TGCATA 0.000000 0.301370 0.537671 0.160959
GTCTGC 0.183635 0.000000 0.281674 0.534691
GTATCA 0.000000 0.331924 0.458774 0.209302
CAGCTC 0.133243 0.000000 0.244950 0.621807
AGTATC 0.258065 0.000000 0.247312 0.494624
TAGTAT 0.212159 0.381720 0.406121 0.000000
ACATTC 0.123932 0.000000 0.141026 0.735043
CATCTG 0.695198 0.182672 0.000000 0.122129
AGCCTC 0.264591 0.000000 0.385214 0.350195
ATAGTG 0.498762 0.226350 0.000000 0.274889
CTAGTA 0.000000 0.218284 0.651119 0.130597
TGTCGC 0.176357 0.000000 0.163437 0.660207
TGACAC 0.245455 0.000000 0.122727 0.631818
ACCTAA 0.000000 0.215686 0.666667 0.117647
TAGATG 0.574928 0.181556 0.000000 0.243516
CGAATG 0.781145 0.145623 0.000000 0.073232
ACAAAC 0.336728 0.000000 0.166313 0.496959
CTTTAT 0.204969 0.608696 0.186335 0.000000
TGCACG 0.513410 0.371648 0.000000 0.114943
CTCATT 0.189773 0.481818 0.328409 0.000000
CGTACC 0.220149 0.000000 0.257463 0.522388
GCAGTG 0.473684 0.271930 0.000000 0.254386
CCATCC 0.351351 0.000000 0.135135 0.513514
CGATAT 0.272936 0.444954 0.282110 0.000000
CTGATC 0.108527 0.000000 0.139535 0.751938
TGTCTC 0.221545 0.000000 0.245935 0.532520
GACCAC 0.237209 0.000000 0.330233 0.432558
CTAGCG 0.398633 0.268793 0.000000 0.332574
CTCCTG 0.743243 0.114865 0.000000 0.141892
TCCATA 0.000000 0.171717 0.616162 0.212121
TGGGGA 0.000000 0.270270 0.410811 0.318919
GTTACA 0.000000 0.328767 0.376712 0.294521
CAATCC 0.476804 0.000000 0.128866 0.394330
AACTAA 0.000000 0.235772 0.317073 0.447154
GTCTTC 0.273224 0.000000 0.273224 0.453552
AGAGAT 0.171053 0.636842 0.192105 0.000000
TTAGTT 0.469388 0.306122 0.224490 0.000000
ACTATC 0.183883 0.000000 0.224542 0.591575
TACAGA 0.000000 0.213296 0.501385 0.285319
ACCCTC 0.440758 0.000000 0.289100 0.270142
TCTCGC 0.172043 0.000000 0.139785 0.688172
GGAACA 0.000000 0.250000 0.671875 0.078125
AGGCCT 0.250000 0.535714 0.214286 0.000000
TCGTGG 0.787879 0.121212 0.000000 0.090909
GTACGT 0.248307 0.577878 0.173815 0.000000
GTCAAC 0.116279 0.000000 0.232558 0.651163
CGTCAG 0.663364 0.141006 0.000000 0.195630
TGCTGA 0.000000 0.246575 0.541096 0.212329
TATTAA 0.000000 0.520161 0.306452 0.173387
GGTTAC 0.021739 0.000000 0.152174 0.826087
TCACAC 0.266667 0.000000 0.116667 0.616667
TGGAAG 0.543860 0.257310 0.000000 0.198830
AAAGCC 0.192982 0.000000 0.192982 0.614035
TCTCTC 0.306413 0.000000 0.385392 0.308195
CCCCCC 0.272584 0.000000 0.270611 0.456806
CGCCAT 0.107692 0.653846 0.238462 0.000000
GCTGAT 0.228543 0.609780 0.161677 0.000000
TATCGC 0.238579 0.000000 0.106599 0.654822
GTCGCC 0.153257 0.000000 0.151980 0.694764
TAGTGG 0.607143 0.178571 0.000000 0.214286
TCCACG 0.263158 0.345865 0.000000 0.390977
ATCATC 0.240541 0.000000 0.232432 0.527027
GTGTCT 0.171615 0.690882 0.137503 0.000000
TTTAGC 0.173145 0.000000 0.257951 0.568905
CGTGCT 0.230453 0.617970 0.151578 0.000000
GCAACA 0.000000 0.290909 0.375758 0.333333
TGGGCG 0.816794 0.087786 0.000000 0.095420
GTGCAA 0.000000 0.184295 0.544872 0.270833
AGATAC 0.280606 0.000000 0.183741 0.535653
CTCTGT 0.282800 0.525358 0.191841 0.000000
ATGCGA 0.000000 0.085052 0.724227 0.190722
TACACG 0.566020 0.277932 0.000000 0.156048
CTGTGC 0.224401 0.000000 0.170246 0.605353
CATACC 0.268757 0.000000 0.123403 0.607840
TATCTC 0.296698 0.000000 0.296698 0.406605
ACAGAT 0.190795 0.576259 0.232946 0.000000
GGCGGT 0.533333 0.233333 0.233333 0.000000
GATGAT 0.198891 0.591130 0.209979 0.000000
TGCTTA 0.000000 0.237960 0.518414 0.243626
TAGGGA 0.000000 0.166667 0.500000 0.333333
GCGCGA 0.000000 0.148352 0.774725 0.076923
TGAATC 0.126582 0.000000 0.417722 0.455696
GGGCTA 0.000000 0.228814 0.550847 0.220339
GAAACA 0.000000 0.307359 0.469697 0.222944
GTCGAT 0.112360 0.514045 0.373596 0.000000
AAGCCT 0.162162 0.500000 0.337838 0.000000
CCTCAG 0.604790 0.134731 0.000000 0.260479
CTATAG 0.520107 0.294906 0.000000 0.184987
ACTGTT 0.250000 0.333333 0.416667 0.000000
TCGGTA 0.000000 0.251852 0.644444 0.103704
GTGGAC 0.239583 0.000000 0.083333 0.677083
GCCATC 0.296935 0.000000 0.275862 0.427203
CCTGCT 0.294061 0.503352 0.202586 0.000000
TTTATC 0.119048 0.000000 0.339827 0.541126
ACATAC 0.242187 0.000000 0.212674 0.545139
CATCAG 0.651637 0.097642 0.000000 0.250720
ATAGAG 0.561798 0.129213 0.000000 0.308989
GGGACT 0.363636 0.535354 0.101010 0.000000
TGCTCG 0.728590 0.115942 0.000000 0.155468
CTAGAA 0.000000 0.181034 0.543103 0.275862
ATGCTA 0.000000 0.126325 0.755300 0.118375
TACTGA 0.000000 0.136943 0.691083 0.171975
GGTGTG 0.533333 0.364912 0.000000 0.101754
CGTTCC 0.361386 0.000000 0.178218 0.460396
CGCAGT 0.225564 0.624060 0.150376 0.000000
GACATC 0.210784 0.000000 0.328431 0.460784
CTGTTC 0.415842 0.000000 0.207921 0.376238
CATAAT 0.251012 0.542510 0.206478 0.000000
GGGCCG 0.681416 0.053097 0.000000 0.265487
TGCAAA 0.000000 0.322917 0.562500 0.114583
CGTAGG 0.617021 0.127660 0.000000 0.255319
GAGCGA 0.000000 0.163395 0.419666 0.416939
CAGCAC 0.199239 0.000000 0.185279 0.615482
TCCTTA 0.000000 0.287805 0.497561 0.214634
AGTGCC 0.214286 0.000000 0.267857 0.517857
CTTGTA 0.000000 0.288538 0.581028 0.130435
GGATCA 0.000000 0.221429 0.642857 0.135714
CATGCT 0.173815 0.624153 0.202032 0.000000
GCGCTA 0.000000 0.165746 0.646409 0.187845
ATGCCG 0.670139 0.149306 0.000000 0.180556
AGAGTG 0.610619 0.194690 0.000000 0.194690
CGAGTA 0.000000 0.161994 0.688474 0.149533
TGCGCA 0.000000 0.109375 0.677083 0.213542
ATCGTT 0.183946 0.414716 0.401338 0.000000
CGAAAG 0.696970 0.070707 0.000000 0.232323
GTCTAC 0.321839 0.000000 0.155172 0.522989
CGTATG 0.539604 0.298020 0.000000 0.162376
ATCTGC 0.219048 0.000000 0.323810 0.457143
CGCCTG 0.485714 0.277551 0.000000 0.236735
GCGACT 0.156342 0.728614 0.115044 0.000000
ATATCA 0.000000 0.106990 0.702092 0.190918
GTGAGA 0.000000 0.286689 0.423208 0.290102
GCAGAG 0.604712 0.164921 0.000000 0.230366
TGTCAC 0.202128 0.000000 0.333806 0.464066
TTGCCT 0.249330 0.522788 0.227882 0.000000
ACAGGG 0.517107 0.260997 0.000000 0.221896
CCGAGC 0.283019 0.000000 0.188679 0.528302
GCGCCG 0.813187 0.032967 0.000000 0.153846
CGGATC 0.158730 0.000000 0.273810 0.567460
CGAGCG 0.498592 0.126761 0.000000 0.374648
GCCGTT 0.243590 0.551282 0.205128 0.000000
GAGCTA 0.000000 0.087838 0.700450 0.211712
ACTAAC 0.212389 0.000000 0.159292 0.628319
CAAGGA 0.000000 0.307692 0.500000 0.192308
TTTGTT 0.165354 0.468504 0.366142 0.000000
CTCGCT 0.114789 0.752817 0.132394 0.000000
GGACGT 0.131356 0.703390 0.165254 0.000000
TCCTCG 0.687500 0.109375 0.000000 0.203125
GCCTGC 0.293160 0.000000 0.214984 0.491857
TCAGGT 0.265823 0.537975 0.196203 0.000000
GCTGTG 0.549435 0.266949 0.000000 0.183616
TGAGTT 0.050847 0.457627 0.491525 0.000000
GCATCA 0.000000 0.118959 0.750929 0.130112
GTGATA 0.000000 0.023316 0.931779 0.044905
GTTCGT 0.201613 0.582437 0.215950 0.000000
ACAGTG 0.635714 0.117857 0.000000 0.246429
CCAGTA 0.000000 0.200000 0.720000 0.080000
GAGACT 0.199399 0.718437 0.082164 0.000000
TACTCG 0.423288 0.132877 0.000000 0.443836
TGATGC 0.336538 0.000000 0.326923 0.336538
GATGTG 0.580753 0.191712 0.000000 0.227535
CACAGT 0.144258 0.666667 0.189076 0.000000
AGTGAT 0.204545 0.541667 0.253788 0.000000
ATTACA 0.000000 0.159091 0.734848 0.106061
CAGAGC 0.272576 0.000000 0.190239 0.537185
TACAAA 0.000000 0.195223 0.671340 0.133437
GGCAAC 0.415094 0.000000 0.094340 0.490566
CATAGG 0.580420 0.153846 0.000000 0.265734
AGCAGC 0.271630 0.000000 0.281690 0.446680
TCTCAC 0.384346 0.000000 0.174065 0.441589
GACGTT 0.186047 0.697674 0.116279 0.000000
AATGCC 0.322917 0.000000 0.095486 0.581597
CACCGG 0.491803 0.229508 0.000000 0.278689
AGAACA 0.000000 0.074713 0.761494 0.163793
GTACAT 0.273438 0.539062 0.187500 0.000000
GTGACG 0.461538 0.185897 0.000000 0.352564
GACTGC 0.264808 0.000000 0.198606 0.536585
TAAGGT 0.312102 0.426752 0.261146 0.000000
TGATTC 0.130435 0.000000 0.086957 0.782609
GAATCA 0.000000 0.141618 0.731214 0.127168
CTCAGG 0.516260 0.140921 0.000000 0.342818
CCCCTG 0.475728 0.325243 0.000000 0.199029
TACGCA 0.000000 0.208048 0.434337 0.357615
GCTACA 0.000000 0.162939 0.552716 0.284345
GCCTTC 0.117647 0.000000 0.352941 0.529412
TCAGTT 0.198795 0.602410 0.198795 0.000000
TCGTAG 0.696868 0.097987 0.000000 0.205145
GTCGTG 0.627590 0.131952 0.000000 0.240458
TTTTTC 0.244681 0.000000 0.258865 0.496454
AGCATC 0.266667 0.000000 0.333333 0.400000
TGTAGC 0.180738 0.000000 0.285246 0.534016
TCATGC 0.245968 0.000000 0.219086 0.534946
GGGCAA 0.000000 0.200000 0.760000 0.040000
CGCTGT 0.236364 0.527273 0.236364 0.000000
TATCAC 0.236544 0.000000 0.184136 0.579320
AGGCGA 0.000000 0.152838 0.563319 0.283843
ACTGAT 0.230994 0.596491 0.172515 0.000000
TAGTAG 0.630824 0.182796 0.000000 0.186380
GCACGT 0.302326 0.422481 0.275194 0.000000
ATCGCC 0.195652 0.000000 0.086957 0.717391
CGGTGC 0.152174 0.000000 0.391304 0.456522
TGCTAA 0.000000 0.252874 0.241379 0.505747
GCCAAC 0.304167 0.000000 0.316667 0.379167
CAGATC 0.082627 0.000000 0.194915 0.722458
TTTAAC 0.693548 0.000000 0.032258 0.274194
ATGTCT 0.144899 0.793047 0.062053 0.000000
CATATG 0.541436 0.298343 0.000000 0.160221
ACAACA 0.000000 0.259819 0.389728 0.350453
GAACGT 0.155585 0.654699 0.189716 0.000000
CCGGGT 0.254438 0.331361 0.414201 0.000000
GATACA 0.000000 0.176141 0.648385 0.175474
CGTGGA 0.000000 0.555556 0.259259 0.185185
TAAGTT 0.111111 0.740741 0.148148 0.000000
AGGCTA 0.000000 0.230769 0.596154 0.173077
CTCATG 0.497512 0.373134 0.000000 0.129353
CAGGGT 0.300000 0.467857 0.232143 0.000000
CTACCT 0.174603 0.501587 0.323810 0.000000
TTTGCC 0.248821 0.000000 0.137972 0.613208
CGATAG 0.757125 0.042131 0.000000 0.200743
AATGAT 0.090909 0.666667 0.242424 0.000000
GGGGAC 0.208333 0.000000 0.083333 0.708333
GCGTCT 0.092166 0.843318 0.064516 0.000000
GGTGAG 0.361702 0.170213 0.000000 0.468085
TCTAGC 0.231278 0.000000 0.156388 0.612335
TGAGCC 0.163842 0.000000 0.124294 0.711864
GTGTGA 0.000000 0.146444 0.587866 0.265690
TGTATC 0.218741 0.000000 0.178450 0.602808
AGTGGG 0.409524 0.309524 0.000000 0.280952
GCGCAA 0.000000 0.074074 0.638889 0.287037
TCATTC 0.135551 0.000000 0.309304 0.555145
AGAGAG 0.615385 0.061538 0.000000 0.323077
TGCCTC 0.204082 0.000000 0.372449 0.423469
ACGCGA 0.000000 0.106280 0.788245 0.105475
AAAACA 0.000000 0.244604 0.460432 0.294964
ATCGAT 0.094622 0.673307 0.232072 0.000000
CCGTGC 0.284768 0.000000 0.122517 0.592715
CGGTTC 0.147541 0.000000 0.155738 0.696721
AGGCCG 0.698020 0.074257 0.000000 0.227723
ATGGAC 0.176211 0.000000 0.202643 0.621145
GTCACA 0.000000 0.142246 0.621925 0.235829
ACCATC 0.219125 0.000000 0.272782 0.508094
GTACGG 0.540741 0.111111 0.000000 0.348148
TGTGGT 0.295858 0.355030 0.349112 0.000000
AGGACT 0.211765 0.658824 0.129412 0.000000
TCAAAC 0.254579 0.000000 0.150183 0.595238
GGTTCA 0.000000 0.137500 0.683333 0.179167
CCCTGT 0.533654 0.240385 0.225962 0.000000
CCCACC 0.311475 0.000000 0.202186 0.486339
AGTGTG 0.409288 0.243802 0.000000 0.346911
CGTGTA 0.000000 0.203650 0.605828 0.190522
AGATCA 0.000000 0.100840 0.739496 0.159664
AACATC 0.208333 0.000000 0.390625 0.401042
GAGTCT 0.105911 0.830049 0.064039 0.000000
TATAGC 0.327273 0.000000 0.209091 0.463636
CGTAAG 0.352381 0.409524 0.000000 0.238095
CAGGTT 0.076754 0.842105 0.081140 0.000000
CACTGT 0.198444 0.661479 0.140078 0.000000
ACCGGT 0.247664 0.570093 0.182243 0.000000
GCGGAC 0.238636 0.000000 0.153409 0.607955
CAGTGC 0.289720 0.000000 0.181308 0.528972
ACGGGC 0.377049 0.000000 0.081967 0.540984
GCTGAG 0.506192 0.181115 0.000000 0.312693
GTACTG 0.388889 0.355556 0.000000 0.255556
TGAGAT 0.159292 0.469027 0.371681 0.000000
ACTGGG 0.529126 0.203883 0.000000 0.266990
TCTATC 0.198630 0.000000 0.272994 0.528376
AGCTGC 0.190114 0.000000 0.311787 0.498099
CGCGCT 0.123894 0.802360 0.073746 0.000000
ATGAGA 0.000000 0.187500 0.593750 0.218750
CCCTTT 0.364706 0.282353 0.352941 0.000000
GTTCCC 0.305785 0.000000 0.309917 0.384298
ACGCTA 0.000000 0.083333 0.678363 0.238304
CGGGCC 0.277778 0.000000 0.103175 0.619048
GTGTCG 0.645923 0.178112 0.000000 0.175966
CGTGCG 0.607143 0.214286 0.000000 0.178571
TAAAAC 0.166667 0.000000 0.275000 0.558333
CCGTTC 0.366197 0.000000 0.309859 0.323944
CATGGA 0.000000 0.106383 0.617021 0.276596
CCTTTG 0.679325 0.202532 0.000000 0.118143
ATCTAC 0.241085 0.000000 0.172868 0.586047
ACGACT 0.055556 0.844444 0.100000 0.000000
TGTGTT 0.429553 0.298969 0.271478 0.000000
GACGAT 0.131737 0.667665 0.200599 0.000000
GCTTCA 0.000000 0.198675 0.253311 0.548013
TTAACA 0.000000 0.133333 0.333333 0.533333
ACAGAG 0.605809 0.095436 0.000000 0.298755
CATTTG 0.260526 0.313158 0.000000 0.426316
AGCTTC 0.210526 0.000000 0.478469 0.311005
CCTGTA 0.000000 0.312500 0.437500 0.250000
TGTTGC 0.162996 0.000000 0.374449 0.462555
AAGGGC 0.254237 0.000000 0.305085 0.440678
CCGAAC 0.291971 0.000000 0.240876 0.467153
GATGAG 0.500000 0.152344 0.000000 0.347656
GGGATA 0.000000 0.232008 0.631629 0.136364
TATATC 0.243421 0.000000 0.190789 0.565789
ACGCCG 0.737968 0.085561 0.000000 0.176471
CCTAAG 0.688889 0.044444 0.000000 0.266667
TACCTC 0.050000 0.000000 0.383333 0.566667
GGACAT 0.239691 0.492268 0.268041 0.000000
AGACGT 0.160494 0.704733 0.134774 0.000000
GCCTAC 0.435897 0.000000 0.179487 0.384615
TCAGAT 0.212665 0.551040 0.236295 0.000000
CAGTTC 0.231788 0.000000 0.350993 0.417219
GTCGAG 0.511364 0.215909 0.000000 0.272727
ACCTGC 0.308962 0.000000 0.136399 0.554638
CCCAAT 0.251046 0.305439 0.443515 0.000000
TTCATC 0.272109 0.000000 0.350340 0.377551
AGTACA 0.000000 0.251025 0.517418 0.231557
ACTGTG 0.426966 0.224719 0.000000 0.348315
CTCGGA 0.000000 0.318182 0.318182 0.363636
ACATCA 0.000000 0.181777 0.598443 0.219780
ATGATA 0.000000 0.179487 0.717949 0.102564
GCGAGA 0.000000 0.197080 0.394161 0.408759
GTTCAT 0.437143 0.440952 0.121905 0.000000
CGGGAT 0.129921 0.677165 0.192913 0.000000
ATTCGT 0.226415 0.584906 0.188679 0.000000
TGATAC 0.308036 0.000000 0.102679 0.589286
AAGACT 0.118297 0.776025 0.105678 0.000000
CCTGCG 0.840708 0.058997 0.000000 0.100295
GATTCA 0.000000 0.243243 0.675676 0.081081
ATACAT 0.093750 0.718750 0.187500 0.000000
CACAAT 0.307692 0.487179 0.205128 0.000000
GGGACG 0.658696 0.123913 0.000000 0.217391
AATGTG 0.560284 0.329787 0.000000 0.109929
CATGTA 0.000000 0.245254 0.585295 0.169451
CTCTTG 0.409574 0.271277 0.000000 0.319149
GAGAGA 0.000000 0.230263 0.453947 0.315789
CATAAG 0.485876 0.203390 0.000000 0.310734
AGCAAC 0.405941 0.000000 0.138614 0.455446
TCGCCT 0.179245 0.726415 0.094340 0.000000
GCGATA 0.000000 0.119753 0.831276 0.048971
GACTAC 0.255121 0.000000 0.243948 0.500931
TAAGAT 0.193548 0.612903 0.193548 0.000000
ATGACG 0.596491 0.210526 0.000000 0.192982
TGTCCA 0.000000 0.445344 0.327935 0.226721
CACGCT 0.159091 0.746212 0.094697 0.000000
ATTCTT 0.288538 0.418972 0.292490 0.000000
GCTCGT 0.346058 0.478543 0.175399 0.000000
GTATGT 0.159572 0.563596 0.276832 0.000000
CAGGCC 0.343915 0.000000 0.153439 0.502646
TTCGGT 0.126761 0.760563 0.112676 0.000000
CATGCG 0.767442 0.069767 0.000000 0.162791
AGCGCC 0.309091 0.000000 0.127273 0.563636
GTCTCA 0.000000 0.268877 0.484346 0.246777
ACTACA 0.000000 0.132376 0.615630 0.251994
ACCTTC 0.134247 0.000000 0.180822 0.684932
ATCGTG 0.549787 0.221906 0.000000 0.228307
CTCGTA 0.000000 0.148199 0.760218 0.091583
TGTAAC 0.445652 0.000000 0.043478 0.510870
TCATAC 0.355191 0.000000 0.240437 0.404372
TTAGAG 0.860656 0.024590 0.000000 0.114754
CGCTAT 0.186047 0.674419 0.139535 0.000000
AGGCAA 0.000000 0.393029 0.400240 0.206731
GTAACC 0.164835 0.000000 0.032967 0.802198
GCACAT 0.145833 0.458333 0.395833 0.000000
ACACGT 0.114306 0.641655 0.244039 0.000000
GACGGG 0.710526 0.210526 0.000000 0.078947
GAGATA 0.000000 0.123675 0.727915 0.148410
CGCATG 0.663685 0.209302 0.000000 0.127013
GATCGT 0.148055 0.589502 0.262442 0.000000
CGACCT 0.102740 0.773973 0.123288 0.000000
TTGACT 0.295858 0.579882 0.124260 0.000000
AAACGT 0.154523 0.631910 0.213568 0.000000
TCTTTC 0.085714 0.000000 0.400000 0.514286
GCCGTG 0.636364 0.145455 0.000000 0.218182
TTTGTG 0.279835 0.304527 0.000000 0.415638
CTCGCG 0.347826 0.347826 0.000000 0.304348
CGTGAA 0.000000 0.273504 0.418803 0.307692
ATGTGA 0.000000 0.172414 0.476601 0.350985
AATACA 0.000000 0.168889 0.404444 0.426667
GCGACG 0.534196 0.186075 0.000000 0.279729
GTATTT 0.128713 0.336634 0.534653 0.000000
CAGGAT 0.140351 0.701754 0.157895 0.000000
TGAGTG 0.584627 0.223602 0.000000 0.191770
GTGCGC 0.215278 0.000000 0.148148 0.636574
AGCGAT 0.070513 0.692308 0.237179 0.000000
TTCGTT 0.270833 0.281250 0.447917 0.000000
GTTCGG 0.307692 0.173077 0.000000 0.519231
GAACAT 0.198582 0.566785 0.234634 0.000000
GAGACG 0.644444 0.088889 0.000000 0.266667
ATCACA 0.000000 0.240391 0.634172 0.125437
AGGGAC 0.333333 0.000000 0.075000 0.591667
ATACGG 0.276423 0.260163 0.000000 0.463415
CTACGA 0.000000 0.097826 0.456522 0.445652
ACGTCT 0.176436 0.736811 0.086753 0.000000
CACAGG 0.644991 0.075571 0.000000 0.279438
AGTGAG 0.540059 0.115727 0.000000 0.344214
AACAAC 0.263171 0.000000 0.251266 0.485562
ACGCAA 0.000000 0.275862 0.620690 0.103448
ATAAGT 0.194529 0.370821 0.434650 0.000000
CCGTAC 0.311441 0.000000 0.156780 0.531780
GACGTG 0.493197 0.212018 0.000000 0.294785
GTACAG 0.717593 0.125000 0.000000 0.157407
AACGCC 0.205882 0.000000 0.161765 0.632353
CCCTAT 0.356923 0.390769 0.252308 0.000000
AGTTCA 0.000000 0.204545 0.538636 0.256818
TTCTTC 0.269076 0.000000 0.425703 0.305221
GTAGCT 0.230769 0.539187 0.230044 0.000000
GGACTG 0.580247 0.333333 0.000000 0.086420
GCGTGA 0.000000 0.017241 0.844828 0.137931
CTGGAG 0.453901 0.269504 0.000000 0.276596
AAGTCT 0.271186 0.661017 0.067797 0.000000
TGAACA 0.000000 0.120773 0.690821 0.188406
TCAGTG 0.681095 0.150203 0.000000 0.168701
GCAAGT 0.313253 0.493976 0.192771 0.000000
GGTCCC 0.262097 0.000000 0.278226 0.459677
CACTAT 0.203620 0.500000 0.296380 0.000000
AAGCAA 0.000000 0.212329 0.472603 0.315068
GTGCTC 0.235327 0.000000 0.155039 0.609635
TGTGAT 0.248466 0.395706 0.355828 0.000000
CAGTAC 0.253102 0.000000 0.177419 0.569479
ACGGAC 0.165722 0.000000 0.245042 0.589235
CGCTGG 0.566265 0.180723 0.000000 0.253012
CATTAG 0.495283 0.259434 0.000000 0.245283
ATACTG 0.469388 0.346939 0.000000 0.183673
ACTGAG 0.460784 0.145098 0.000000 0.394118
AGCTAC 0.239726 0.000000 0.226027 0.534247
CTACTA 0.000000 0.252841 0.514205 0.232955
CACATG 0.544465 0.256806 0.000000 0.198730
TTCCCA 0.000000 0.207101 0.615385 0.177515
TGCAGC 0.299145 0.000000 0.173077 0.527778
TATGCC 0.166667 0.000000 0.194444 0.638889
ATGTCG 0.598564 0.155801 0.000000 0.245634
CTGTCA 0.000000 0.200668 0.592199 0.207134
CATGAA 0.000000 0.307407 0.322222 0.370370
GAACGG 0.410714 0.375000 0.000000 0.214286
CCGGGG 0.510309 0.350515 0.000000 0.139175
TTCAAC 0.350000 0.000000 0.225000 0.425000
TAAGTG 0.600985 0.167488 0.000000 0.231527
AACGAT 0.238095 0.523810 0.238095 0.000000
GCACTG 0.515738 0.186441 0.000000 0.297821
TGTTAC 0.104478 0.000000 0.164179 0.731343
GGCGAG 0.356322 0.379310 0.000000 0.264368
TGCATC 0.209016 0.000000 0.286885 0.504098
GACACA 0.000000 0.334764 0.364807 0.300429
CGCGGA 0.000000 0.400000 0.200000 0.400000
AATGAG 0.451220 0.231707 0.000000 0.317073
AGGATA 0.000000 0.291667 0.599747 0.108586
CTCTAG 0.639842 0.141161 0.000000 0.218997
GCAATT 0.183333 0.708333 0.108333 0.000000
GCGTCG 0.628959 0.158371 0.000000 0.212670
AGTCGT 0.241684 0.560760 0.197556 0.000000
TGGCGA 0.000000 0.114754 0.459016 0.426230
CTAGTC 0.166667 0.000000 0.363248 0.470085
AGACAT 0.180722 0.646993 0.172286 0.000000
TCTGAT 0.167883 0.484185 0.347932 0.000000
TTACTT 0.264151 0.484277 0.251572 0.000000
CCGGTG 0.661972 0.070423 0.000000 0.267606
TTCGCC 0.194767 0.000000 0.226744 0.578488
CGCTTG 0.457547 0.226415 0.000000 0.316038
ACCTAC 0.304207 0.000000 0.378641 0.317152
CTCGAA 0.000000 0.120253 0.547468 0.332278
GCGAAA 0.000000 0.062500 0.593750 0.343750
TCCAGC 0.104167 0.000000 0.145833 0.750000
ACGAGA 0.000000 0.208955 0.626866 0.164179
ATTCAT 0.311594 0.507246 0.181159 0.000000
TCAACA 0.000000 0.155844 0.603896 0.240260
CGCGTA 0.000000 0.228477 0.685430 0.086093
TGTGGG 0.659193 0.215247 0.000000 0.125561
AGGACG 0.656250 0.070312 0.000000 0.273438
CGGACA 0.000000 0.188679 0.500000 0.311321
CCCTGG 0.368627 0.482353 0.000000 0.149020
GGATGT 0.197368 0.513158 0.289474 0.000000
CTGCGT 0.210526 0.543860 0.245614 0.000000
GAGTCG 0.742500 0.105000 0.000000 0.152500
ATCTCA 0.000000 0.206929 0.578724 0.214347
TATGAT 0.172414 0.482759 0.344828 0.000000
CACTGG 0.687500 0.260417 0.000000 0.052083
TCCATC 0.156250 0.000000 0.125000 0.718750
ACCGGG 0.518519 0.303704 0.000000 0.177778
AGCGTG 0.520629 0.235756 0.000000 0.243615
ACGATA 0.000000 0.085185 0.888889 0.025926
GCTCAT 0.255319 0.510638 0.234043 0.000000
GTATAT 0.359447 0.398618 0.241935 0.000000
GTCCCC 0.348266 0.000000 0.352601 0.299133
ACTCGT 0.246096 0.551256 0.202648 0.000000
ATATGT 0.261874 0.491656 0.246470 0.000000
TACAGC 0.215596 0.000000 0.199286 0.585117
TGAGAG 0.429293 0.303030 0.000000 0.267677
CGCGCG 0.719368 0.152174 0.000000 0.128458
GTAATG 0.526316 0.315789 0.000000 0.157895
TTGGAC 0.271429 0.000000 0.085714 0.642857
GCCGAG 0.531915 0.148936 0.000000 0.319149
TGGACT 0.100583 0.730321 0.169096 0.000000
GTTTTT 0.314286 0.366667 0.319048 0.000000
ACACAT 0.210884 0.520408 0.268707 0.000000
ACGACG 0.651807 0.142169 0.000000 0.206024
GACGAG 0.407853 0.260817 0.000000 0.331330
TGTGTG 0.458914 0.292479 0.000000 0.248607
CCGACA 0.000000 0.165077 0.632088 0.202835
TGATCA 0.000000 0.338843 0.314050 0.347107
ATATTT 0.162791 0.441860 0.395349 0.000000
AACGGG 0.562500 0.325000 0.000000 0.112500
TACATC 0.185185 0.000000 0.382716 0.432099
CACGGA 0.000000 0.280654 0.474114 0.245232
GCATGT 0.198651 0.619190 0.182159 0.000000
AAGATA 0.000000 0.186047 0.651163 0.162791
GATCAT 0.130081 0.658537 0.211382 0.000000
TAGCGA 0.000000 0.191011 0.651685 0.157303
AAACAT 0.219368 0.463768 0.316864 0.000000
GCCTCA 0.000000 0.170455 0.669697 0.159848
TTTTCA 0.000000 0.195312 0.281250 0.523438
AGCACA 0.000000 0.243056 0.402778 0.354167
CACTTG 0.378505 0.462617 0.000000 0.158879
ACCGTG 0.588154 0.146006 0.000000 0.265840
AGACGG 0.485075 0.283582 0.000000 0.231343
ATTAGT 0.192308 0.538462 0.269231 0.000000
TCTGGG 0.450893 0.205357 0.000000 0.343750
CGACGA 0.000000 0.119804 0.599837 0.280359
ATCCGT 0.233202 0.583004 0.183794 0.000000
TCGCTA 0.000000 0.117647 0.776471 0.105882
CCCAAG 0.463333 0.193333 0.000000 0.343333
GTGCAC 0.369792 0.000000 0.432292 0.197917
AGAAGT 0.191304 0.650000 0.158696 0.000000
ATGCGC 0.205224 0.000000 0.298507 0.496269
GTTCAG 0.565217 0.173913 0.000000 0.260870
CACGTA 0.000000 0.200234 0.687354 0.112412
