CATAGACTC 0.371429 0.000000 0.285714 0.342857
ATACGGGAC 0.381295 0.000000 0.258993 0.359712
ATAGTGTAG 0.787234 0.106383 0.000000 0.106383
ATGGACGCG 0.541667 0.125000 0.000000 0.333333
CCGGGATAT 0.491228 0.228070 0.280702 0.000000
AAGACGACG 0.523438 0.140625 0.000000 0.335938
CGAGTCAGC 0.238462 0.000000 0.135897 0.625641
TTCGTGGAC 0.205882 0.000000 0.088235 0.705882
TAGTATGAC 0.159091 0.000000 0.068182 0.772727
ATATAAGAC 0.284689 0.000000 0.241627 0.473684
CAGTAGTAG 0.609442 0.197425 0.000000 0.193133
ATTCAAGGC 0.202128 0.000000 0.138298 0.659574
GCTGATATA 0.000000 0.189189 0.594595 0.216216
ACTGATCGT 0.137931 0.706897 0.155172 0.000000
GTGAGTGTG 0.307317 0.268293 0.000000 0.424390
GCAGAGCTC 0.094340 0.000000 0.141509 0.764151
TAGAGCACG 0.602273 0.318182 0.000000 0.079545
TAGTGTATA 0.000000 0.160714 0.723214 0.116071
GGCAAGATA 0.000000 0.159091 0.534091 0.306818
TCTCATACA 0.000000 0.065041 0.691057 0.243902
TAGCGCACA 0.000000 0.285714 0.520408 0.193878
TGTGTGCTC 0.339286 0.000000 0.205357 0.455357
ATGTAGAGC 0.336134 0.000000 0.302521 0.361345
GCGCGAATG 0.826531 0.122449 0.000000 0.051020
AGAGTCGTG 0.576087 0.163043 0.000000 0.260870
AGATTTTTC 0.358491 0.000000 0.132075 0.509434
GCGACAAAC 0.407407 0.000000 0.259259 0.333333
GTTCGACAT 0.200000 0.654054 0.145946 0.000000
TATAGACCG 0.727273 0.151515 0.000000 0.121212
GCAGTAGTA 0.000000 0.066667 0.616667 0.316667
TGCAGACAG 0.904110 0.027397 0.000000 0.068493
CAGCGATAG 0.661765 0.029412 0.000000 0.308824
GGCAAACAT 0.064516 0.709677 0.225806 0.000000
CCTAGATAC 0.280172 0.000000 0.366379 0.353448
GAGATACAC 0.139175 0.000000 0.180412 0.680412
TGAGCTACG 0.696429 0.178571 0.000000 0.125000
GCGTCTCGC 0.044118 0.000000 0.110294 0.845588
GCTATGAAT 0.335484 0.516129 0.148387 0.000000
ATCCGTAGA 0.000000 0.053333 0.920000 0.026667
AGTGTAGAC 0.200000 0.000000 0.193939 0.606061
CAAACATAT 0.344828 0.431034 0.224138 0.000000
ACGTGTCTG 0.468085 0.382979 0.000000 0.148936
GCGTGTCTC 0.264706 0.000000 0.220588 0.514706
AGACTCAGG 0.296296 0.111111 0.000000 0.592593
TTGCACATG 0.466102 0.250000 0.000000 0.283898
ATCTAGTCG 0.838710 0.064516 0.000000 0.096774
GTCGTGCTA 0.000000 0.260274 0.506849 0.232877
CTTTCAGAT 0.478261 0.304348 0.217391 0.000000
CGAATAGAT 0.320000 0.410000 0.270000 0.000000
TAGCACGTG 0.452055 0.260274 0.000000 0.287671
TAACGCATG 0.579545 0.215909 0.000000 0.204545
AGCTAGTAC 0.708738 0.000000 0.067961 0.223301
CACTGTGCA 0.000000 0.080000 0.810000 0.110000
AGAGCACGT 0.427536 0.376812 0.195652 0.000000
TTCATGCCG 0.660000 0.160000 0.000000 0.180000
TCACATGTC 0.451613 0.000000 0.193548 0.354839
GACCTCATC 0.415385 0.000000 0.153846 0.430769
CAGTGTATC 0.208145 0.000000 0.119910 0.671946
CTAGATTCT 0.339623 0.490566 0.169811 0.000000
TCTTCGCCC 0.080402 0.000000 0.211055 0.708543
CTACCTTGC 0.105263 0.000000 0.333333 0.561404
TAAGAACAT 0.050000 0.733333 0.216667 0.000000
TAGACCATA 0.000000 0.105820 0.645503 0.248677
GCCTCAACG 0.884817 0.068063 0.000000 0.047120
CATAGTGCA 0.000000 0.205882 0.637255 0.156863
ACGTCTAGT 0.225806 0.655914 0.118280 0.000000
CAGTCATTC 0.090909 0.000000 0.116883 0.792208
ACGTGAGCT 0.254902 0.593137 0.151961 0.000000
CCATTCATG 0.464000 0.160000 0.000000 0.376000
TCTCGTGAG 0.622449 0.132653 0.000000 0.244898
GTTCATTCA 0.000000 0.191489 0.617021 0.191489
TGTCTGTCA 0.000000 0.165644 0.484663 0.349693
TAGGACAAA 0.000000 0.357143 0.464286 0.178571
CACCGACAG 0.206897 0.206897 0.000000 0.586207
CGCCGACAC 0.395349 0.000000 0.139535 0.465116
TGTCTCTAG 0.776119 0.089552 0.000000 0.134328
GTGACGCTA 0.000000 0.072407 0.716243 0.211350
TGTAGTCGT 0.243902 0.609756 0.146341 0.000000
GCAGTCATT 0.098361 0.819672 0.081967 0.000000
AACGAACGT 0.088889 0.777778 0.133333 0.000000
ACATAGACA 0.000000 0.189189 0.621622 0.189189
TCACTCACT 0.520179 0.412556 0.067265 0.000000
AATGTGACT 0.078571 0.828571 0.092857 0.000000
GGCAAGACG 0.450980 0.352941 0.000000 0.196078
ACGCCGTGT 0.172414 0.586207 0.241379 0.000000
CAGATGGAC 0.181818 0.000000 0.272727 0.545455
TTCATATCA 0.000000 0.283951 0.629630 0.086420
TGCAGTCTG 0.590244 0.346341 0.000000 0.063415
GCTAGTGAC 0.137931 0.000000 0.206897 0.655172
CACAGATGC 0.198473 0.000000 0.129771 0.671756
TAGTCATCG 0.659864 0.183673 0.000000 0.156463
TCGTCATGC 0.151515 0.000000 0.136364 0.712121
ATTAGAACC 0.259259 0.000000 0.037037 0.703704
TCAGACAGT 0.144444 0.611111 0.244444 0.000000
ACTAACAAC 0.352000 0.000000 0.176000 0.472000
AGAGATACA 0.000000 0.313433 0.547264 0.139303
CAGACCATC 0.125000 0.000000 0.125000 0.750000
CACTCACTC 0.221223 0.000000 0.075540 0.703237
GTATAGTCG 0.863636 0.090909 0.000000 0.045455
TACGACGTC 0.178571 0.000000 0.357143 0.464286
CATCAGGAC 0.157407 0.000000 0.222222 0.620370
CTCGAGCGC 0.285714 0.000000 0.232143 0.482143
GCTATATAA 0.000000 0.222222 0.462963 0.314815
TTAGAACCT 0.112360 0.786517 0.101124 0.000000
TCATTACAG 0.765957 0.063830 0.000000 0.170213
TCCGTAACA 0.000000 0.242105 0.536842 0.221053
TATATAAGA 0.000000 0.085106 0.361702 0.553191
CGCATACGA 0.000000 0.068966 0.482759 0.448276
GATATAGTC 0.235294 0.000000 0.294118 0.470588
GACATATGA 0.000000 0.096774 0.741935 0.161290
AAGGCGTAA 0.000000 0.388235 0.470588 0.141176
AGTATAGTC 0.059829 0.000000 0.064103 0.876068
ATGATAGTC 0.142857 0.000000 0.174603 0.682540
GACAGTCTA 0.000000 0.113475 0.801418 0.085106
ACCATAATG 0.457627 0.381356 0.000000 0.161017
AAGTCTGTG 0.638889 0.212963 0.000000 0.148148
GGCGACTCA 0.000000 0.259259 0.444444 0.296296
CTCAACACA 0.000000 0.352941 0.382353 0.264706
CATCGTCGT 0.236364 0.418182 0.345455 0.000000
CTCGAACAG 0.682927 0.073171 0.000000 0.243902
ATACTACTG 0.464286 0.214286 0.000000 0.321429
GTACGATCG 0.655914 0.139785 0.000000 0.204301
CGAACAGGT 0.187500 0.562500 0.250000 0.000000
TGGGCCTAT 0.236066 0.491803 0.272131 0.000000
TGTAGGATA 0.000000 0.162162 0.729730 0.108108
ACCACCGAG 0.538776 0.183673 0.000000 0.277551
TATGTATCG 0.877301 0.042945 0.000000 0.079755
CTAGAGAGT 0.202532 0.518987 0.278481 0.000000
GGTAGCTTC 0.210526 0.000000 0.478469 0.311005
ATAGACATA 0.000000 0.166667 0.694444 0.138889
GATATCGAA 0.000000 0.224719 0.314607 0.460674
CTAAAACAA 0.000000 0.060976 0.487805 0.451220
CTAGTACTC 0.206897 0.000000 0.215517 0.577586
CTTTGTCCA 0.000000 0.445344 0.327935 0.226721
AGTGGGCGT 0.095238 0.698413 0.206349 0.000000
TGTAGACAT 0.185185 0.659259 0.155556 0.000000
GACCTGCTA 0.000000 0.232484 0.474522 0.292994
TACGCGAAT 0.150000 0.725000 0.125000 0.000000
ACGTATAGT 0.300000 0.600000 0.100000 0.000000
TCTAGACTC 0.233333 0.000000 0.366667 0.400000
ATGTATATG 0.722222 0.083333 0.000000 0.194444
ATCTCATGT 0.144737 0.495614 0.359649 0.000000
TTGCCCTGG 0.368627 0.482353 0.000000 0.149020
GTCGTCTGC 0.226562 0.000000 0.437500 0.335938
ACGTACCGT 0.243243 0.486486 0.270270 0.000000
ACGTCACAG 0.746269 0.134328 0.000000 0.119403
TCGCGCTGT 0.293103 0.482759 0.224138 0.000000
TGAGTCACG 0.361111 0.388889 0.000000 0.250000
GCGAAAGCC 0.192982 0.000000 0.192982 0.614035
TCTAGTAAA 0.000000 0.266667 0.640000 0.093333
AGAACGCGA 0.000000 0.161765 0.808824 0.029412
CGCTGAGCG 0.593137 0.161765 0.000000 0.245098
ATCAGTATG 0.729730 0.144144 0.000000 0.126126
ACGGGACCT 0.159292 0.716814 0.123894 0.000000
CTCACACTG 0.622642 0.207547 0.000000 0.169811
TATATGCAT 0.158537 0.725610 0.115854 0.000000
ACTCCGTAC 0.108108 0.000000 0.162162 0.729730
GATAGGACA 0.000000 0.375000 0.437500 0.187500
CAACAAACG 0.864407 0.084746 0.000000 0.050847
TCACGGAGT 0.310160 0.267380 0.422460 0.000000
GATGTGCAT 0.158730 0.523810 0.317460 0.000000
CATCGACAT 0.256410 0.589744 0.153846 0.000000
ACGTAACAG 0.671053 0.184211 0.000000 0.144737
CTGCGGACC 0.149660 0.000000 0.102041 0.748299
TTAACTAAG 0.563636 0.066667 0.000000 0.369697
TTTTAGCAG 0.463277 0.248588 0.000000 0.288136
TGGACAGAA 0.000000 0.119048 0.500000 0.380952
CCATCATAG 0.607143 0.142857 0.000000 0.250000
GTATGTAGT 0.406250 0.468750 0.125000 0.000000
TGTTACAGC 0.070423 0.000000 0.154930 0.774648
CGTACCAGT 0.325000 0.550000 0.125000 0.000000
GATCGCTCG 0.642105 0.126316 0.000000 0.231579
CACGCATAC 0.346939 0.000000 0.142857 0.510204
TTCGCCTGC 0.219697 0.000000 0.303030 0.477273
TCTCTGTCG 0.841584 0.049505 0.000000 0.108911
ACTCATTAG 0.495283 0.259434 0.000000 0.245283
AACTCAAAC 0.225806 0.000000 0.000000 0.774194
TACGAGCAG 0.651007 0.147651 0.000000 0.201342
CGAACATGC 0.181818 0.000000 0.181818 0.636364
TCGTGTATC 0.089362 0.000000 0.093617 0.817021
CTTGTATTT 0.128713 0.336634 0.534653 0.000000
TAGATACCA 0.000000 0.274286 0.548571 0.177143
CCGAGACAG 0.651376 0.064220 0.000000 0.284404
GCTCACATC 0.366667 0.000000 0.244444 0.388889
TCTAGTGCA 0.000000 0.119792 0.697917 0.182292
GGGACAGGA 0.000000 0.325581 0.360465 0.313953
CAGCAGTGC 0.301205 0.000000 0.108434 0.590361
CAGTGAGAT 0.129630 0.555556 0.314815 0.000000
CCGGGATGG 0.702703 0.243243 0.000000 0.054054
GACTGCAAG 0.409639 0.421687 0.000000 0.168675
CTGGACAAT 0.186916 0.626168 0.186916 0.000000
CAGTCTATC 0.080247 0.000000 0.086420 0.833333
CAAGGCAAT 0.215385 0.476923 0.307692 0.000000
GTAGAGTTC 0.133333 0.000000 0.366667 0.500000
ACAGGGCAG 0.620000 0.040000 0.000000 0.340000
CCGCTGCGG 0.500000 0.121951 0.000000 0.378049
GATCGCAAA 0.000000 0.276596 0.659574 0.063830
ACGCATACG 0.703704 0.148148 0.000000 0.148148
GATGCAGTC 0.271186 0.000000 0.237288 0.491525
GAACAGGTT 0.083333 0.916667 0.000000 0.000000
AGACAGGTT 0.157895 0.789474 0.052632 0.000000
TGCCCTGGC 0.396135 0.000000 0.299517 0.304348
TCTCACGAT 0.156250 0.437500 0.406250 0.000000
AGGTTCGTC 0.041667 0.000000 0.250000 0.708333
TGTAGCGTG 0.490814 0.257218 0.000000 0.251969
TGCATGAGC 0.202703 0.000000 0.211712 0.585586
GTCCTAGCG 0.307692 0.312500 0.000000 0.379808
CTAAGAATA 0.000000 0.244898 0.683673 0.071429
TACAGATCG 0.828571 0.100000 0.000000 0.071429
CACCCTCTG 0.272189 0.603550 0.000000 0.124260
GTTCTCCGT 0.382716 0.395062 0.222222 0.000000
TCAGTCTAT 0.308824 0.411765 0.279412 0.000000
TGTACTCGT 0.150888 0.724852 0.124260 0.000000
GTGCTCGTA 0.000000 0.185185 0.648148 0.166667
CTCGTGATC 0.211538 0.000000 0.471154 0.317308
CTCGTAGCG 0.612299 0.160428 0.000000 0.227273
AAACCGGGA 0.000000 0.222222 0.370370 0.407407
ACCCGTCTA 0.000000 0.281046 0.477124 0.241830
CGCATGTCA 0.000000 0.149425 0.574713 0.275862
GACGCGCTG 0.666667 0.069444 0.000000 0.263889
TTTTCCCAA 0.000000 0.223602 0.614907 0.161491
TCGTCAAAC 0.263158 0.000000 0.157895 0.578947
TCTAGCGAC 0.298611 0.000000 0.187500 0.513889
ACAGACACT 0.102041 0.765306 0.132653 0.000000
GCAGTCTGT 0.491620 0.262570 0.245810 0.000000
AGGCCTTCA 0.000000 0.440476 0.404762 0.154762
GCGTTTATC 0.102273 0.000000 0.363636 0.534091
TCATGTCAT 0.307692 0.538462 0.153846 0.000000
CTCTGCGAT 0.000000 0.826087 0.173913 0.000000
GGACAATAC 0.225806 0.000000 0.204301 0.569892
TGAGTCTGA 0.000000 0.202899 0.289855 0.507246
GTCACTATC 0.150000 0.000000 0.216667 0.633333
TCAGTCATG 0.594937 0.291139 0.000000 0.113924
TGCATCAGT 0.127907 0.796512 0.075581 0.000000
ATATGTGAC 0.063830 0.000000 0.063830 0.872340
CGTCCAGCA 0.000000 0.153846 0.569231 0.276923
AGAGTGTCG 0.578947 0.223684 0.000000 0.197368
TGGGCGGTG 0.285714 0.357143 0.000000 0.357143
CACGGAGTG 0.556180 0.213483 0.000000 0.230337
CAAGCAGAA 0.000000 0.258824 0.176471 0.564706
GCTGTCTGA 0.000000 0.186916 0.719626 0.093458
ATGTGTGTA 0.000000 0.297872 0.553191 0.148936
GCCGACAAA 0.000000 0.238532 0.467890 0.293578
ACTAGGATA 0.000000 0.427907 0.488372 0.083721
CAAACAGGA 0.000000 0.329545 0.272727 0.397727
GTATGTCTG 0.290155 0.533679 0.000000 0.176166
ATCTGTCTG 0.722892 0.180723 0.000000 0.096386
CAGACATCA 0.000000 0.148148 0.716049 0.135802
TACTGTCGA 0.000000 0.083333 0.666667 0.250000
TAGTGACGC 0.150685 0.000000 0.164384 0.684932
AGACATGGA 0.000000 0.105263 0.368421 0.526316
ACCGTATAG 0.478261 0.173913 0.000000 0.347826
GGGATCGCT 0.181058 0.724234 0.094708 0.000000
CTTCACAGG 0.630648 0.070727 0.000000 0.298625
ATCGTCGTA 0.000000 0.331620 0.439589 0.228792
CCTCGGATC 0.214286 0.000000 0.285714 0.500000
TATAGTCGA 0.000000 0.048780 0.902439 0.048780
CCATCGCCA 0.000000 0.111111 0.611111 0.277778
GGCAGTCAT 0.433333 0.183333 0.383333 0.000000
CTAGATAGA 0.000000 0.085106 0.787234 0.127660
ACTCTAGTC 0.163636 0.000000 0.363636 0.472727
CACAAGGAA 0.000000 0.175000 0.575000 0.250000
ATGTAGGTT 0.108108 0.729730 0.162162 0.000000
TGTACACAT 0.121107 0.560554 0.318339 0.000000
GTATCTAGT 0.250000 0.527778 0.222222 0.000000
TGTGACGAG 0.563025 0.134454 0.000000 0.302521
ACAACTCAA 0.000000 0.168331 0.717546 0.114123
GTAGTGACA 0.000000 0.027553 0.933549 0.038898
TAAGGCGAG 0.356322 0.379310 0.000000 0.264368
GACTCCGTA 0.000000 0.250000 0.572917 0.177083
CGACTCAGT 0.186667 0.733333 0.080000 0.000000
AGACGCGCT 0.239583 0.625000 0.135417 0.000000
CCAGTATGA 0.000000 0.137931 0.655172 0.206897
GCGCCTGCT 0.360000 0.426667 0.213333 0.000000
CGCGCGTCA 0.000000 0.385321 0.550459 0.064220
AAGCCAACT 0.194915 0.745763 0.059322 0.000000
CGTGACGCT 0.019737 0.907895 0.072368 0.000000
CTGCAGTGT 0.191176 0.602941 0.205882 0.000000
GACTCGACA 0.000000 0.125000 0.750000 0.125000
TCATCGTCG 0.549865 0.140162 0.000000 0.309973
CGAATAGTG 0.647059 0.058824 0.000000 0.294118
TCAGCGTGC 0.086580 0.000000 0.051948 0.861472
GGATACGGA 0.000000 0.444444 0.388889 0.166667
CTCAGGCGC 0.268293 0.000000 0.195122 0.536585
ATATAAACG 0.475728 0.155340 0.000000 0.368932
ACAGCGCAG 0.639344 0.196721 0.000000 0.163934
ACATAAGGC 0.275000 0.000000 0.200000 0.525000
TCATGATGT 0.267857 0.482143 0.250000 0.000000
AGCGCTAGA 0.000000 0.076471 0.858824 0.064706
CTCCGTCGA 0.000000 0.250000 0.281250 0.468750
GTCTCACAC 0.266667 0.000000 0.116667 0.616667
ATTCCATCT 0.224490 0.714286 0.061224 0.000000
CCATCGAAC 0.230769 0.000000 0.128205 0.641026
TATATGAGT 0.142857 0.642857 0.214286 0.000000
TCGCACTGT 0.127273 0.636364 0.236364 0.000000
CAGGTTCAT 0.336207 0.482759 0.181034 0.000000
TCGACCGGT 0.265823 0.506329 0.227848 0.000000
GTCCCCCCC 0.324590 0.000000 0.304918 0.370492
TCCGTAGAG 0.685185 0.129630 0.000000 0.185185
TACATGATG 0.637931 0.129310 0.000000 0.232759
TGCCATCCG 0.722222 0.111111 0.000000 0.166667
TGACTGATA 0.000000 0.154762 0.666667 0.178571
AGCTAGACA 0.000000 0.188976 0.724409 0.086614
TAGTCGAAT 0.100000 0.750000 0.150000 0.000000
GCAACACAG 0.702703 0.189189 0.000000 0.108108
ACAGGACTC 0.158730 0.000000 0.365079 0.476190
AAGACTCAT 0.266667 0.500000 0.233333 0.000000
ATATGTAGA 0.000000 0.120000 0.440000 0.440000
CTCAGTAGT 0.192308 0.602564 0.205128 0.000000
GCTGACTCT 0.344262 0.426230 0.229508 0.000000
TCATGCTCA 0.000000 0.365079 0.317460 0.317460
ATATCATGA 0.000000 0.142857 0.757143 0.100000
AATGTCGCC 0.116279 0.000000 0.108527 0.775194
TGTGACTCA 0.000000 0.188406 0.688406 0.123188
GTGATGTGA 0.000000 0.165138 0.587156 0.247706
ATTTAACCC 0.285714 0.000000 0.250000 0.464286
GACGTCGAC 0.043478 0.000000 0.173913 0.782609
CGATAGTAT 0.142857 0.446429 0.410714 0.000000
ACATCAGTC 0.125984 0.000000 0.291339 0.582677
CGTCAGACC 0.300000 0.000000 0.166667 0.533333
GATAGACGA 0.000000 0.161290 0.419355 0.419355
CTGTCAGCT 0.198020 0.594059 0.207921 0.000000
GTCTGCTGA 0.000000 0.131579 0.526316 0.342105
GACTCCGCG 0.454545 0.363636 0.000000 0.181818
CATATGTAG 0.701754 0.105263 0.000000 0.192982
CGTATGTAC 0.520000 0.000000 0.080000 0.400000
TAGAGTCAC 0.441860 0.000000 0.139535 0.418605
GCGGTGAGA 0.000000 0.105263 0.605263 0.289474
AGTTCAGAA 0.000000 0.377778 0.333333 0.288889
AACCGGGAT 0.142857 0.714286 0.142857 0.000000
ACAGGTTCG 0.642857 0.119048 0.000000 0.238095
TGTATACAG 0.720430 0.059140 0.000000 0.220430
CGATGACAC 0.245455 0.000000 0.122727 0.631818
GACGTGTAT 0.135593 0.525424 0.338983 0.000000
GCGCATGCT 0.158879 0.710280 0.130841 0.000000
AACGATTCA 0.000000 0.243243 0.675676 0.081081
CAATTCCAT 0.266667 0.533333 0.200000 0.000000
AGGACCGAC 0.235294 0.000000 0.235294 0.529412
AGCATGTGT 0.130319 0.670213 0.199468 0.000000
TCGTATATC 0.200000 0.000000 0.333333 0.466667
ACACGTGTG 0.756098 0.097561 0.000000 0.146341
TGTGGTCTG 0.352332 0.295337 0.000000 0.352332
GGGCCTATA 0.000000 0.233244 0.683646 0.083110
GTGATCACA 0.000000 0.119266 0.788991 0.091743
GAACATGTA 0.000000 0.278571 0.407143 0.314286
CCATACAAT 0.428571 0.428571 0.142857 0.000000
AGACATGTA 0.000000 0.549296 0.302817 0.147887
TGCTCGTGA 0.000000 0.029851 0.537313 0.432836
GATGTGAGT 0.346667 0.466667 0.186667 0.000000
GGCACTCAT 0.341030 0.394316 0.264654 0.000000
CAGATGACG 0.678571 0.125000 0.000000 0.196429
CGTAGATAG 0.676923 0.115385 0.000000 0.207692
TAGATAGAT 0.133333 0.384848 0.481818 0.000000
TAGTAGCAG 0.610619 0.190265 0.000000 0.199115
AAACAGAAG 0.688889 0.111111 0.000000 0.200000
GATATACAA 0.000000 0.277778 0.266667 0.455556
TCTACGATG 0.588235 0.215686 0.000000 0.196078
TTCTTTGCC 0.299145 0.000000 0.145299 0.555556
ACGTGCCAT 0.333333 0.583333 0.083333 0.000000
ATTACAGCT 0.279070 0.651163 0.069767 0.000000
CATCAGACG 0.444444 0.255556 0.000000 0.300000
CGTGTACGA 0.000000 0.175610 0.478049 0.346341
GGACGAACA 0.000000 0.169355 0.655914 0.174731
GTCACAGAT 0.186603 0.468900 0.344498 0.000000
TGCCGTTCT 0.265306 0.517007 0.217687 0.000000
ACTATCTCA 0.000000 0.046875 0.799479 0.153646
CCGTAGATA 0.000000 0.120690 0.672414 0.206897
TCGAGTACA 0.000000 0.177778 0.566667 0.255556
CATGACAAA 0.000000 0.090909 0.727273 0.181818
TCGACATCA 0.000000 0.169811 0.679245 0.150943
TCGATGATA 0.000000 0.227273 0.681818 0.090909
GCAAAACAG 0.787879 0.090909 0.000000 0.121212
TGAATCAGA 0.000000 0.352941 0.388235 0.258824
ACACCGGGC 0.500000 0.000000 0.160000 0.340000
CGATCTCGC 0.151163 0.000000 0.127907 0.720930
TCGGTTCAT 0.466667 0.333333 0.200000 0.000000
TGTGCGCGC 0.172727 0.000000 0.045455 0.781818
ACATCGCGT 0.238739 0.513514 0.247748 0.000000
CATGCTCAC 0.223404 0.000000 0.095745 0.680851
AGTAGACTA 0.000000 0.376623 0.519481 0.103896
CATGTATAC 0.389262 0.000000 0.234899 0.375839
GTCGATGAT 0.234375 0.625000 0.140625 0.000000
TGATGTACT 0.257426 0.702970 0.039604 0.000000
ATGTCTGTA 0.000000 0.148387 0.751613 0.100000
TACACGTGT 0.460317 0.333333 0.206349 0.000000
CGCTCGTGC 0.245614 0.000000 0.197368 0.557018
CCGTAACAT 0.403670 0.403670 0.192661 0.000000
CATATATGC 0.167742 0.000000 0.367742 0.464516
ATCAGGTTC 0.137931 0.000000 0.137931 0.724138
TCTCAGATA 0.000000 0.127753 0.806167 0.066079
TCATGCCGT 0.311688 0.532468 0.155844 0.000000
GACGTCAGA 0.000000 0.225806 0.387097 0.387097
TGAGTCTCG 0.522388 0.253731 0.000000 0.223881
AAACACTGA 0.000000 0.272727 0.545455 0.181818
CGTACGTGC 0.250000 0.000000 0.140625 0.609375
TAGGATATC 0.257143 0.000000 0.333333 0.409524
GCCTCGACC 0.145455 0.000000 0.127273 0.727273
TCATATCAT 0.136000 0.712000 0.152000 0.000000
CGCATGCTT 0.300000 0.400000 0.300000 0.000000
TCTCATCGT 0.292517 0.482993 0.224490 0.000000
TATGCGAGT 0.297297 0.418919 0.283784 0.000000
CGTAGGTTC 0.320000 0.000000 0.160000 0.520000
TGTCCACGA 0.000000 0.309735 0.477876 0.212389
GTGTGTGAT 0.338710 0.274194 0.387097 0.000000
ACACAGGGC 0.294118 0.000000 0.294118 0.411765
ATATGAGCA 0.000000 0.057692 0.711538 0.230769
TATCTGGGC 0.243421 0.000000 0.250000 0.506579
CTCACTAGT 0.060000 0.780000 0.160000 0.000000
ACAGGCGAC 0.116279 0.000000 0.139535 0.744186
TCATCCTCA 0.000000 0.109375 0.710938 0.179688
TATGATTCT 0.206897 0.758621 0.034483 0.000000
TCGTCAGAT 0.153846 0.538462 0.307692 0.000000
ATGTATGTA 0.000000 0.218750 0.625000 0.156250
TATGCATGA 0.000000 0.142857 0.485714 0.371429
GTCGTCGAT 0.107143 0.392857 0.500000 0.000000
CTATCACTA 0.000000 0.242424 0.424242 0.333333
GGATATCCT 0.267516 0.452229 0.280255 0.000000
TCTATCGCA 0.000000 0.119658 0.504274 0.376068
ATGTATAAG 0.608333 0.216667 0.000000 0.175000
ATGCTTCCA 0.000000 0.316456 0.474684 0.208861
ATAGACTCG 0.500000 0.333333 0.000000 0.166667
ATCACGTGC 0.158273 0.000000 0.086331 0.755396
AGGGCCTCG 0.542857 0.285714 0.000000 0.171429
ATACCGTGA 0.000000 0.107595 0.708861 0.183544
AGTCGTAGC 0.289157 0.000000 0.144578 0.566265
TATGTACTC 0.132979 0.000000 0.590426 0.276596
TGTGATAGT 0.346667 0.493333 0.160000 0.000000
CCGTAGACG 0.500000 0.194444 0.000000 0.305556
CTACAAACA 0.000000 0.194030 0.522388 0.283582
TTCGGTTCA 0.000000 0.133333 0.666667 0.200000
CAGGTTCGG 0.307692 0.173077 0.000000 0.519231
ATCGCCATG 0.791667 0.083333 0.000000 0.125000
AACTTAGAG 0.860656 0.024590 0.000000 0.114754
TCGCCTGCG 0.840708 0.058997 0.000000 0.100295
ATACACGTG 0.533333 0.100000 0.000000 0.366667
GCCTTCATA 0.000000 0.500000 0.375000 0.125000
GCAAGATAT 0.347826 0.282609 0.369565 0.000000
CATGCATGC 0.195652 0.000000 0.434783 0.369565
CGGGATACG 0.526316 0.131579 0.000000 0.342105
GGCAGACAG 0.280000 0.120000 0.000000 0.600000
CTGCAGCAG 0.547170 0.132075 0.000000 0.320755
GCTATCATA 0.000000 0.397059 0.485294 0.117647
GGCCGACAA 0.000000 0.166667 0.350000 0.483333
CTTACCTAC 0.319672 0.000000 0.409836 0.270492
CATGGACCA 0.000000 0.000000 0.500000 0.500000
CGACGTCAG 0.730435 0.095652 0.000000 0.173913
AGCTGAGTC 0.085470 0.000000 0.128205 0.786325
TACCGTGAG 0.537736 0.160377 0.000000 0.301887
ATTCATGTC 0.041667 0.000000 0.375000 0.583333
TCGAGCGCC 0.309091 0.000000 0.127273 0.563636
ACGATGACA 0.000000 0.169065 0.406475 0.424460
TGTGAACAG 0.776471 0.105882 0.000000 0.117647
GATAGAGTC 0.258065 0.000000 0.290323 0.451613
CGCAGACGA 0.000000 0.051546 0.886598 0.061856
CATACGGGA 0.000000 0.247525 0.405941 0.346535
TCATGTCTG 0.288660 0.371134 0.000000 0.340206
TCACATAGA 0.000000 0.185567 0.711340 0.103093
ATCAGTGTA 0.000000 0.073204 0.860497 0.066298
CGTAGCGCT 0.135593 0.720339 0.144068 0.000000
CGTACTGGA 0.000000 0.396396 0.225225 0.378378
AACAAACGT 0.090909 0.701299 0.207792 0.000000
CGACGTGCT 0.109375 0.671875 0.218750 0.000000
GCTTTATCG 0.519380 0.286822 0.000000 0.193798
GTGCTGTCA 0.000000 0.104072 0.751131 0.144796
GTCCAGCAC 0.057143 0.000000 0.200000 0.742857
ATCGACTAT 0.380000 0.460000 0.160000 0.000000
CTCTAGAGA 0.000000 0.327869 0.475410 0.196721
CACAGATAC 0.429348 0.000000 0.092391 0.478261
AACGCCGTG 0.793103 0.103448 0.000000 0.103448
TGTGCGCTC 0.120172 0.000000 0.175966 0.703863
ACTGGACAG 0.607595 0.278481 0.000000 0.113924
GTGCTCTAG 0.567568 0.243243 0.000000 0.189189
CACATGCGA 0.000000 0.142857 0.666667 0.190476
GACAGTGAC 0.143836 0.000000 0.116438 0.739726
GAACGTGAA 0.000000 0.270000 0.410000 0.320000
ATCACATAG 0.776224 0.111888 0.000000 0.111888
TCGCACGCT 0.150754 0.748744 0.100503 0.000000
TGTGCTCTG 0.550000 0.245000 0.000000 0.205000
GTCATAGAG 0.686275 0.156863 0.000000 0.156863
CGTGTGTCA 0.000000 0.200000 0.611111 0.188889
GCAGCAGTA 0.000000 0.133333 0.716667 0.150000
ATAGGACCA 0.000000 0.145631 0.796117 0.058252
GACTCGTCA 0.000000 0.219653 0.554913 0.225434
AGAGCGACG 0.608163 0.220408 0.000000 0.171429
AAGATATGG 0.584906 0.245283 0.000000 0.169811
GTCTACTGA 0.000000 0.090909 0.761364 0.147727
ACAAACCGA 0.000000 0.078125 0.765625 0.156250
CCTTCATTC 0.258621 0.000000 0.396552 0.344828
TCTCTACAG 0.761468 0.073394 0.000000 0.165138
GACATATAA 0.000000 0.142857 0.457143 0.400000
CTGAATGGA 0.000000 0.333333 0.242424 0.424242
CGACATACC 0.352381 0.000000 0.180952 0.466667
TGAGTGTAG 0.790698 0.023256 0.000000 0.186047
GAGTTCGAC 0.219355 0.000000 0.245161 0.535484
AGCGCGTTT 0.134199 0.385281 0.480519 0.000000
CTCACAGCT 0.093525 0.726619 0.179856 0.000000
GTAGACATG 0.697368 0.157895 0.000000 0.144737
CACTATCTC 0.168675 0.000000 0.216867 0.614458
CCGACATAT 0.178571 0.214286 0.607143 0.000000
GCTATCACG 0.689655 0.103448 0.000000 0.206897
CTCAAACAG 0.727273 0.060606 0.000000 0.212121
AAGACTAGT 0.195402 0.666667 0.137931 0.000000
CTATACTAG 0.510638 0.138298 0.000000 0.351064
TCGCGCATG 0.723404 0.191489 0.000000 0.085106
TCGACTACA 0.000000 0.115385 0.600000 0.284615
TGTAGTCAT 0.424581 0.486034 0.089385 0.000000
GACGTACAC 0.219298 0.000000 0.250000 0.530702
ATGTGCATG 0.571429 0.240000 0.000000 0.188571
GTGTGCATC 0.185714 0.000000 0.328571 0.485714
ACAGGCAGA 0.000000 0.041667 0.666667 0.291667
TCATCTAGT 0.234450 0.459330 0.306220 0.000000
CTCGTCCAG 0.410959 0.150685 0.000000 0.438356
TCAGTGACA 0.000000 0.214286 0.547619 0.238095
AGTGTATCG 0.743119 0.165138 0.000000 0.091743
ATTTGACTG 0.496296 0.348148 0.000000 0.155556
AGAAACAAC 0.300353 0.000000 0.332155 0.367491
TGTATAAGG 0.398374 0.308943 0.000000 0.292683
CGTACGAAC 0.358974 0.000000 0.269231 0.371795
TAGACATGC 0.353448 0.000000 0.232759 0.413793
CAAGACAGG 0.406250 0.187500 0.000000 0.406250
GCACTCGTC 0.050000 0.000000 0.100000 0.850000
ACCCTCGTC 0.192308 0.000000 0.346154 0.461538
GTGTCTGAT 0.172043 0.440860 0.387097 0.000000
AAGACACAG 0.352941 0.431373 0.000000 0.215686
AGAATAAGT 0.185185 0.567901 0.246914 0.000000
AGACAGGAT 0.222222 0.611111 0.166667 0.000000
CTAGAACGC 0.169811 0.000000 0.169811 0.660377
AGTGCTGTC 0.087838 0.000000 0.067568 0.844595
TCATATAGT 0.340909 0.500000 0.159091 0.000000
TGATATACT 0.137097 0.782258 0.080645 0.000000
CGATATCTC 0.281250 0.000000 0.156250 0.562500
ATAGAATGC 0.244898 0.000000 0.163265 0.591837
TCGTGAGTG 0.573883 0.247423 0.000000 0.178694
GACTCAGTC 0.066176 0.000000 0.026961 0.906863
TCTAGCTGA 0.000000 0.059406 0.886139 0.054455
CATCCGTCG 0.739130 0.173913 0.000000 0.086957
TCAAGTTGG 0.700000 0.060000 0.000000 0.240000
TCATACCGT 0.275000 0.475000 0.250000 0.000000
TGCAGCAGT 0.178363 0.611111 0.210526 0.000000
GATACAGTC 0.075000 0.000000 0.425000 0.500000
ATATGGAAT 0.222222 0.555556 0.222222 0.000000
TCCCCCCCC 0.207895 0.000000 0.315789 0.476316
GCCAACTTA 0.000000 0.100000 0.612500 0.287500
CAGTCAGTG 0.600000 0.266667 0.000000 0.133333
GACGCGCAG 0.514019 0.172897 0.000000 0.313084
CAGCACTAT 0.212500 0.387500 0.400000 0.000000
GAGTCAGCA 0.000000 0.095823 0.680590 0.223587
TCACAGTGT 0.400000 0.472727 0.127273 0.000000
TGTGTGATC 0.444444 0.000000 0.185185 0.370370
ACAGTCTCG 0.676768 0.121212 0.000000 0.202020
ACGTGAGTA 0.000000 0.250000 0.524194 0.225806
ATATATATA 0.000000 0.159091 0.492424 0.348485
CAACCATAA 0.000000 0.290123 0.422840 0.287037
TGTAGATGT 0.250000 0.687500 0.062500 0.000000
TCGCGTGAA 0.000000 0.187500 0.531250 0.281250
GTTCATCAT 0.517241 0.224138 0.258621 0.000000
CACTGCTCG 0.776675 0.096774 0.000000 0.126551
TATCGAACA 0.000000 0.247423 0.340206 0.412371
TACGATCGC 0.196429 0.000000 0.214286 0.589286
ATATAGTGT 0.107143 0.553571 0.339286 0.000000
CAGCAGTAC 0.170732 0.000000 0.195122 0.634146
CAGACGGAC 0.231707 0.000000 0.073171 0.695122
GAGACTCTC 0.234043 0.000000 0.255319 0.510638
AAACCGTAG 0.614458 0.096386 0.000000 0.289157
TCTCAGTGA 0.000000 0.112360 0.528090 0.359551
TAGACATTC 0.162162 0.000000 0.081081 0.756757
CACGACATC 0.156250 0.000000 0.335938 0.507812
TCTTTCAGA 0.000000 0.068966 0.620690 0.310345
AGGATACCA 0.000000 0.090909 0.647727 0.261364
AACTCAGTG 0.783505 0.097938 0.000000 0.118557
GTTCGACAG 0.883721 0.023256 0.000000 0.093023
TGACGCTAC 0.271186 0.000000 0.207627 0.521186
ACAGTCGCA 0.000000 0.133333 0.766667 0.100000
TCCTGGGCG 0.838095 0.076190 0.000000 0.085714
GTCACAGTG 0.666667 0.148148 0.000000 0.185185
AGTACAGTC 0.093567 0.000000 0.163743 0.742690
GGATAGTCA 0.000000 0.076923 0.750000 0.173077
TAAGACCGT 0.328767 0.424658 0.246575 0.000000
CTGTCTCAG 0.685484 0.088710 0.000000 0.225806
GATGTGTGT 0.153846 0.692308 0.153846 0.000000
GTCTGATGC 0.336538 0.000000 0.326923 0.336538
GACTCGCGT 0.176471 0.588235 0.235294 0.000000
CATCGAACC 0.192308 0.000000 0.153846 0.653846
AGTGCAAGA 0.000000 0.189189 0.527027 0.283784
CTCAGATAT 0.142857 0.333333 0.523810 0.000000
ACATCAGAC 0.281250 0.000000 0.093750 0.625000
CTACTGATA 0.000000 0.153846 0.692308 0.153846
CAAACATAG 0.523810 0.083333 0.000000 0.392857
GTCGATGTG 0.568627 0.348039 0.000000 0.083333
CGACATCAG 0.272727 0.181818 0.000000 0.545455
CATCAGTCG 0.713333 0.146667 0.000000 0.140000
GCACGATGA 0.000000 0.144578 0.453815 0.401606
TCGAACGCC 0.411765 0.000000 0.352941 0.235294
TCGCCCTAT 0.356923 0.390769 0.252308 0.000000
GACACGCTG 0.593220 0.135593 0.000000 0.271186
ATATAGACC 0.238095 0.000000 0.170068 0.591837
ACAAACACT 0.345679 0.438272 0.216049 0.000000
CACATATCA 0.000000 0.057692 0.634615 0.307692
TCTCGTCAT 0.212000 0.276000 0.512000 0.000000
TAAGAACAG 0.759036 0.084337 0.000000 0.156627
CTAGCTGCA 0.000000 0.142857 0.750000 0.107143
CATGCTATC 0.107692 0.000000 0.000000 0.892308
GTGCGCGCG 0.709091 0.163636 0.000000 0.127273
CACTGTCAC 0.403509 0.000000 0.157895 0.438596
CAAGACATG 0.688889 0.133333 0.000000 0.177778
TAGATAGTG 0.440594 0.346535 0.000000 0.212871
CGACATGCT 0.117647 0.705882 0.176471 0.000000
TGGATAGTC 0.208333 0.000000 0.416667 0.375000
GATGTCACT 0.123810 0.819048 0.057143 0.000000
ATCTCTCAG 0.800000 0.105556 0.000000 0.094444
AGTGTCACT 0.050505 0.848485 0.101010 0.000000
TCGTCAGTG 0.583333 0.083333 0.000000 0.333333
CATTAGTTT 0.155172 0.482759 0.362069 0.000000
AGACACTAT 0.020833 0.750000 0.229167 0.000000
CATAAGGCG 0.636364 0.272727 0.000000 0.090909
GAACCGGGG 0.455172 0.420690 0.000000 0.124138
ACTACAATT 0.367347 0.479592 0.153061 0.000000
AGCAGTATA 0.000000 0.140187 0.803738 0.056075
ATACAGTCG 0.771930 0.096491 0.000000 0.131579
CTCGACCGG 0.344262 0.278689 0.000000 0.377049
TCGTGTGAT 0.078431 0.607843 0.313725 0.000000
CACGTCTAC 0.390805 0.000000 0.264368 0.344828
ACGACGTAC 0.327044 0.000000 0.207547 0.465409
TGTGCTACC 0.200803 0.000000 0.345382 0.453815
TCAGACAGG 0.380952 0.190476 0.000000 0.428571
TCGACGGAC 0.114286 0.000000 0.392857 0.492857
GAATAAGTG 0.600985 0.167488 0.000000 0.231527
ATCATGACA 0.000000 0.400000 0.490909 0.109091
TCTGTAGTG 0.609756 0.292683 0.000000 0.097561
TCGGTAGCT 0.191667 0.488889 0.319444 0.000000
CGCTGCTAT 0.250000 0.541667 0.208333 0.000000
ACAAACGTC 0.088608 0.000000 0.063291 0.848101
ATACCTCAT 0.037736 0.754717 0.207547 0.000000
TATGAGTGT 0.151515 0.636364 0.212121 0.000000
TCTCCGTCG 0.521739 0.108696 0.000000 0.369565
TAGCTTTAT 0.204969 0.608696 0.186335 0.000000
GTAGGCAAG 0.604167 0.156250 0.000000 0.239583
CTATAGCTT 0.389381 0.411504 0.199115 0.000000
CGCGCAGAC 0.083333 0.000000 0.125000 0.791667
TCGTGCAGC 0.184211 0.000000 0.184211 0.631579
CGATGTCAC 0.416667 0.000000 0.187500 0.395833
GGGACGAAC 0.265060 0.000000 0.144578 0.590361
CGCGCTGTC 0.142857 0.000000 0.050000 0.807143
CGTCTCGCA 0.000000 0.097345 0.823009 0.079646
CCGTAGTCG 0.868421 0.000000 0.000000 0.131579
ACAGACAGA 0.000000 0.156627 0.572289 0.271084
ACTGAGCTC 0.134021 0.000000 0.175258 0.690722
GAGCGCTCA 0.000000 0.324675 0.428571 0.246753
TCATCATCC 0.385321 0.000000 0.165138 0.449541
ACGCGCTGA 0.000000 0.127907 0.755814 0.116279
CATACAATC 0.204545 0.000000 0.113636 0.681818
TATGGACGC 0.111111 0.000000 0.111111 0.777778
CATTTGTTG 0.326797 0.261438 0.000000 0.411765
TGGGCAGTC 0.162791 0.000000 0.465116 0.372093
ACGAACATG 0.612903 0.245161 0.000000 0.141935
TGCCTCGAC 0.138889 0.000000 0.166667 0.694444
CGAGCGCCG 0.813187 0.032967 0.000000 0.153846
TATATTTGA 0.000000 0.089552 0.238806 0.671642
TGCTTCCAT 0.035088 0.815789 0.149123 0.000000
CAAACGAAC 0.400000 0.000000 0.109524 0.490476
CTAGTCTCG 0.794118 0.088235 0.000000 0.117647
GACGAACTC 0.226415 0.000000 0.377358 0.396226
CGACGAGCG 0.421569 0.132353 0.000000 0.446078
TTCGACGGG 0.710526 0.210526 0.000000 0.078947
AACAGACAT 0.226415 0.622642 0.150943 0.000000
GACAGGACC 0.179894 0.000000 0.084656 0.735450
GCATGATGT 0.269231 0.480769 0.250000 0.000000
TATCTGTCT 0.116725 0.834495 0.048780 0.000000
CATTAGCAG 0.655462 0.084034 0.000000 0.260504
ACGATGTCA 0.000000 0.287356 0.540230 0.172414
TACAATTCG 0.547170 0.207547 0.000000 0.245283
GGACCATCA 0.000000 0.107143 0.767857 0.125000
TACCATTCA 0.000000 0.091743 0.559633 0.348624
TGTATGCAC 0.174757 0.000000 0.113269 0.711974
GAACTCGAA 0.000000 0.136364 0.500000 0.363636
GATCTCATC 0.207547 0.000000 0.075472 0.716981
AGACTCGAA 0.000000 0.151316 0.605263 0.243421
CCACTGGGC 0.392857 0.000000 0.303571 0.303571
CGTAGTGAA 0.000000 0.202899 0.217391 0.579710
CATGTCATC 0.178218 0.000000 0.173267 0.648515
CTCTAGTGA 0.000000 0.045455 0.477273 0.477273
GTATACCAT 0.571429 0.285714 0.142857 0.000000
GTCATGTCT 0.175097 0.785992 0.038911 0.000000
CGCATGCAT 0.064516 0.661290 0.274194 0.000000
GACATGTAT 0.136054 0.394558 0.469388 0.000000
AGCAGCACT 0.064356 0.881188 0.054455 0.000000
ATACCATGT 0.176471 0.352941 0.470588 0.000000
TCACGTGCA 0.000000 0.045045 0.828829 0.126126
ACAGACATA 0.000000 0.165975 0.614108 0.219917
GTGCTATCT 0.078947 0.763158 0.157895 0.000000
CGCGTGTGT 0.357143 0.271429 0.371429 0.000000
CGGGCCGAC 0.191781 0.000000 0.205479 0.602740
GAGTCGCAG 0.840708 0.044248 0.000000 0.115044
ACCATGCCA 0.000000 0.330275 0.522936 0.146789
TGTAGTCTG 0.610169 0.322034 0.000000 0.067797
GACACTATA 0.000000 0.118182 0.736364 0.145455
CGGTAGCTT 0.265356 0.368550 0.366093 0.000000
GTGCAGACA 0.000000 0.063158 0.810526 0.126316
CTCGATATG 0.527273 0.254545 0.000000 0.218182
TATATATAA 0.000000 0.251613 0.522581 0.225806
CATCACTCA 0.000000 0.126050 0.705882 0.168067
ATGTATGAA 0.000000 0.180556 0.402778 0.416667
GTAACGGAT 0.150943 0.339623 0.509434 0.000000
CGTGTATCT 0.280000 0.653333 0.066667 0.000000
AGTATGAGT 0.281690 0.436620 0.281690 0.000000
CCGACAGGA 0.000000 0.232143 0.294643 0.473214
ATGATGAGT 0.127273 0.569697 0.303030 0.000000
CTATCTCTA 0.000000 0.140000 0.732000 0.128000
AACGGATGT 0.197368 0.513158 0.289474 0.000000
CAGGTCCCC 0.321608 0.000000 0.427136 0.251256
TCTGCTATC 0.114650 0.000000 0.146497 0.738854
GTTCAACAG 0.682927 0.170732 0.000000 0.146341
TTCTTCGTT 0.270833 0.281250 0.447917 0.000000
TCGACCTAC 0.246154 0.000000 0.261538 0.492308
CCGTGTAGT 0.205882 0.617647 0.176471 0.000000
CGTCGCACG 0.406863 0.323529 0.000000 0.269608
CGGTGAGAC 0.083744 0.000000 0.093596 0.822660
GATATATGA 0.000000 0.121951 0.780488 0.097561
CTGATACGA 0.000000 0.090909 0.818182 0.090909
CAAGGCAAG 0.500000 0.225000 0.000000 0.275000
CGTCACAGA 0.000000 0.390244 0.365854 0.243902
GGGGACTGG 0.424242 0.333333 0.000000 0.242424
TCGTCCAGC 0.104167 0.000000 0.145833 0.750000
TCTGGGCCT 0.238971 0.511029 0.250000 0.000000
TCAAGGGCC 0.164835 0.000000 0.043956 0.791209
CACTCGTAG 0.678218 0.074257 0.000000 0.247525
ATAGGATAC 0.410256 0.000000 0.153846 0.435897
AACACCGGG 0.469136 0.419753 0.000000 0.111111
GACCTTCTT 0.218750 0.481250 0.300000 0.000000
ACCGAATAG 0.732143 0.125000 0.000000 0.142857
TACACGTAT 0.150735 0.474265 0.375000 0.000000
TGTGCTCAG 0.583333 0.208333 0.000000 0.208333
CATTCTTCG 0.400000 0.238095 0.000000 0.361905
TCATCATAT 0.297794 0.404412 0.297794 0.000000
CGCAAACCG 0.598592 0.274648 0.000000 0.126761
TCATGCCAT 0.473684 0.526316 0.000000 0.000000
CATCCGTAA 0.000000 0.375000 0.394231 0.230769
CTATCTACT 0.158065 0.783871 0.058065 0.000000
TAGTCTCTC 0.452174 0.000000 0.278261 0.269565
TCTCATCAT 0.148936 0.659574 0.191489 0.000000
AGCACTATA 0.000000 0.237705 0.680328 0.081967
ATATGCGAC 0.466667 0.000000 0.088889 0.444444
ATCCGGGGA 0.000000 0.365854 0.219512 0.414634
AACATATGT 0.282609 0.500000 0.217391 0.000000
GTCTGTATC 0.158333 0.000000 0.108333 0.733333
GTACGCACG 0.422925 0.231225 0.000000 0.345850
AGCACGTGT 0.291045 0.350746 0.358209 0.000000
CTATTAAAA 0.000000 0.494118 0.305882 0.200000
GACTCATCT 0.366255 0.526749 0.106996 0.000000
CCGCTCGAC 0.094118 0.000000 0.176471 0.729412
TTATATTTG 0.467742 0.161290 0.000000 0.370968
AGTAGTACT 0.227273 0.712121 0.060606 0.000000
TCATGTCAG 0.695652 0.260870 0.000000 0.043478
ATTCGTATA 0.000000 0.200000 0.400000 0.400000
GATAGTGTC 0.113043 0.000000 0.086957 0.800000
AGTTGGACA 0.000000 0.140845 0.549296 0.309859
ATACAAACC 0.164251 0.000000 0.144928 0.690821
ATAGTCATC 0.560000 0.000000 0.040000 0.400000
ACCAGTATG 0.358974 0.487179 0.000000 0.153846
GTCATCGAT 0.085714 0.462857 0.451429 0.000000
CAGTGTGTG 0.640000 0.200000 0.000000 0.160000
TGTCATCGA 0.000000 0.068966 0.862069 0.068966
AGCCTCGTG 0.316017 0.354978 0.000000 0.329004
CTACGTGAG 0.554455 0.034653 0.000000 0.410891
GTACGTCTC 0.210526 0.000000 0.368421 0.421053
TGTATAGGA 0.000000 0.130435 0.304348 0.565217
CAGTACATC 0.185185 0.000000 0.382716 0.432099
GGTTCATCA 0.000000 0.176471 0.529412 0.294118
TACAGACAC 0.270833 0.000000 0.083333 0.645833
TACTGATCG 0.755102 0.142857 0.000000 0.102041
CAGATGCGC 0.207447 0.000000 0.409574 0.382979
GTAGACGTA 0.000000 0.205882 0.558824 0.235294
GACTATCGA 0.000000 0.146119 0.643836 0.210046
TATCGTGTG 0.661972 0.211268 0.000000 0.126761
ACTCGTCGA 0.000000 0.047619 0.571429 0.380952
AGTCGCCAC 0.265306 0.000000 0.102041 0.632653
TATCGATCA 0.000000 0.113835 0.639229 0.246935
TATCACATC 0.137931 0.000000 0.206897 0.655172
AGATGGACT 0.095808 0.670659 0.233533 0.000000
TAAGGCCAT 0.140940 0.456376 0.402685 0.000000
TGCGGACCT 0.257576 0.702020 0.040404 0.000000
CTATCTGTC 0.162393 0.000000 0.108974 0.728632
CATGCATAC 0.091549 0.000000 0.366197 0.542254
TGGAACGTA 0.000000 0.390244 0.585366 0.024390
GCATGTAGT 0.398058 0.466019 0.135922 0.000000
TCGACTCGT 0.275773 0.448454 0.275773 0.000000
TCGATATGT 0.244444 0.555556 0.200000 0.000000
TGCTAGCGC 0.285714 0.000000 0.183673 0.530612
CGTGTAGAC 0.269231 0.000000 0.153846 0.576923
TATGAGCAG 0.695652 0.108696 0.000000 0.195652
GTGGATAGT 0.193548 0.580645 0.225806 0.000000
TGATGTAGA 0.000000 0.311111 0.366667 0.322222
CGAAGGCGA 0.000000 0.212121 0.469697 0.318182
GAACCGACA 0.000000 0.393939 0.434343 0.171717
GACGACGAC 0.166667 0.000000 0.264706 0.568627
AGACGCGCG 0.771812 0.120805 0.000000 0.107383
AGACCGACA 0.000000 0.139665 0.681564 0.178771
TTTAGCAGC 0.320755 0.000000 0.332075 0.347170
AGGCACTCA 0.000000 0.179832 0.704202 0.115966
AGGCCAACC 0.116162 0.000000 0.565657 0.318182
TATGAACGC 0.150000 0.000000 0.237500 0.612500
GCGCATGTA 0.000000 0.067568 0.862162 0.070270
GAGTCACTC 0.077778 0.000000 0.566667 0.355556
AACAGAAGT 0.267606 0.591549 0.140845 0.000000
CAGTCAGAG 0.504274 0.242165 0.000000 0.253561
CCGTGAGCT 0.147287 0.643411 0.209302 0.000000
ATTCGGACC 0.596154 0.000000 0.134615 0.269231
TGATAGAGT 0.276596 0.553191 0.170213 0.000000
TCGATCTCA 0.000000 0.219048 0.457143 0.323810
CTATGAATA 0.000000 0.284553 0.471545 0.243902
CGTCACATA 0.000000 0.255319 0.680851 0.063830
TACAGTCTC 0.191304 0.000000 0.504348 0.304348
CATTCGTAT 0.103448 0.586207 0.310345 0.000000
TCTCACTCA 0.000000 0.482353 0.105882 0.411765
AGCGTCGCA 0.000000 0.213115 0.415301 0.371585
TATGAATAA 0.000000 0.248322 0.463087 0.288591
CCAGGGTGT 0.187075 0.622449 0.190476 0.000000
CAGTCGCCG 0.781250 0.140625 0.000000 0.078125
AACGGACAG 0.315789 0.315789 0.000000 0.368421
TCGTGGACT 0.096774 0.887097 0.016129 0.000000
CTGTTCTCC 0.416667 0.000000 0.222222 0.361111
AACAGACGG 0.518519 0.222222 0.000000 0.259259
CAGATACAG 0.732334 0.149893 0.000000 0.117773
AGCATTTAA 0.000000 0.162162 0.486486 0.351351
AGACGACGA 0.000000 0.168831 0.506494 0.324675
GTAGACGCG 0.469880 0.168675 0.000000 0.361446
GTATACAGT 0.236607 0.642857 0.120536 0.000000
ATAAGACCA 0.000000 0.080000 0.520000 0.400000
CGTATCTAG 0.632653 0.102041 0.000000 0.265306
CATCTCAGT 0.105960 0.768212 0.125828 0.000000
TCAGGCAAG 0.472222 0.277778 0.000000 0.250000
CTGATCTAG 0.518519 0.083333 0.000000 0.398148
TCGCCGACA 0.000000 0.083333 0.562500 0.354167
CAGTCGACT 0.047988 0.852941 0.099071 0.000000
GATACTACT 0.195652 0.641304 0.163043 0.000000
TATGTCTGA 0.000000 0.178378 0.621622 0.200000
GATACAGAC 0.329759 0.000000 0.230563 0.439678
TCATCTCAG 0.543860 0.228070 0.000000 0.228070
TATCTCTAC 0.448598 0.000000 0.186916 0.364486
TGTCTATCG 0.728972 0.102804 0.000000 0.168224
GTACACATA 0.000000 0.194757 0.528090 0.277154
ATGTGCGCG 0.764706 0.058824 0.000000 0.176471
TGCTATCTG 0.654135 0.221805 0.000000 0.124060
TCACATGCA 0.000000 0.289809 0.544586 0.165605
TCACTCTCG 0.641791 0.089552 0.000000 0.268657
CAGTCTGTG 0.629032 0.217742 0.000000 0.153226
CAGTCATCA 0.000000 0.315789 0.400000 0.284211
GTATACCGG 0.650000 0.100000 0.000000 0.250000
ATATATGCA 0.000000 0.336735 0.535714 0.127551
GACCCGTCT 0.098039 0.776961 0.125000 0.000000
GAACAGACA 0.000000 0.200000 0.580000 0.220000
CTAGACATA 0.000000 0.213415 0.583333 0.203252
AGACAGACA 0.000000 0.166667 0.666667 0.166667
TGTGCAGGA 0.000000 0.093023 0.627907 0.279070
ACGACGACA 0.000000 0.136364 0.579545 0.284091
CAAGACGTA 0.000000 0.262774 0.445255 0.291971
ACGGACGAA 0.000000 0.157143 0.485714 0.357143
ACAGGCAAA 0.000000 0.354839 0.451613 0.193548
AACGAATGT 0.202247 0.573034 0.224719 0.000000
GTGTGGTCT 0.267409 0.540390 0.192201 0.000000
ACAAGCAGA 0.000000 0.123077 0.615385 0.261538
CGCTGCGGA 0.000000 0.192308 0.243590 0.564103
GCAAACCGG 0.529412 0.235294 0.000000 0.235294
CAGGCGCGC 0.212121 0.000000 0.242424 0.545455
CACTGAGCC 0.189474 0.000000 0.200000 0.610526
TGCTACCTT 0.164223 0.366569 0.469208 0.000000
TAGACATAC 0.274725 0.000000 0.252747 0.472527
AGATCGACT 0.120235 0.804985 0.074780 0.000000
GTATCGATC 0.218750 0.000000 0.031250 0.750000
