TAGACGAAC 0.000000 0.800000 0.000000 0.800000 0.200000
CAGCTGGTA 0.000000 0.857143 0.000000 0.857143 0.142857
CAGGGTGTG 0.000000 0.666667 0.000000 0.666667 0.333333
GTCTCTAGT 0.000000 0.512195 0.000000 0.512195 0.487805
TTCGGTTCA 0.000000 0.611111 0.000000 0.611111 0.388889
TGTAGACGA 0.000000 0.777778 0.000000 0.777778 0.222222
TTCGGTTCG 0.000000 0.272727 0.000000 0.272727 0.727273
CACTGAATG 0.000000 0.705882 0.000000 0.705882 0.294118
AAACATCCG 0.000000 0.359375 0.000000 0.359375 0.640625
TTGTATTTT 0.000000 0.984127 0.000000 0.984127 0.015873
CGTGTATAC 0.000000 0.721429 0.000000 0.721429 0.278571
CGCACGATG 0.000000 0.938865 0.000000 0.938865 0.061135
GACCGACAA 0.000000 0.909091 0.000000 0.909091 0.090909
GCAGGACCG 0.000000 0.207143 0.000000 0.207143 0.792857
CATGTGTAC 0.000000 0.685455 0.000000 0.685455 0.314545
GCATGAGCA 0.000000 0.766102 0.000000 0.766102 0.233898
GACCGACAG 0.000000 0.358209 0.000000 0.358209 0.641791
GAGACGCGC 0.000000 0.959184 0.000000 0.959184 0.040816
ACACTGTCA 0.000000 0.592593 0.000000 0.592593 0.407407
TCATAGATA 0.000000 0.897436 0.000000 0.897436 0.102564
AATTCCATC 0.000000 0.960526 0.000000 0.960526 0.039474
TGTAGACGT 0.000000 0.529412 0.000000 0.529412 0.470588
ATATCACGT 0.000000 0.864865 0.000000 0.864865 0.135135
AAGGCGAGT 0.000000 0.588235 0.000000 0.588235 0.411765
TACCTTGCC 0.000000 0.648352 0.000000 0.648352 0.351648
ACCTAAGAT 0.000000 0.681818 0.000000 0.681818 0.318182
TCGCTGAGC 0.000000 0.495050 0.000000 0.495050 0.504950
CAGACAAGG 0.000000 0.343750 0.000000 0.343750 0.656250
GACCGACAT 0.000000 0.222222 0.000000 0.222222 0.777778
AAGACGTAC 0.000000 0.694444 0.000000 0.694444 0.305556
TAAGACAAA 0.000000 0.750000 0.000000 0.750000 0.250000
CATGTCATC 0.000000 0.697674 0.000000 0.697674 0.302326
GCTCTGCTA 0.000000 0.467742 0.000000 0.467742 0.532258
AGCACGTGT 0.000000 0.897727 0.000000 0.897727 0.102273
TATACAAAC 0.000000 0.366935 0.000000 0.366935 0.633065
GACTCCGTA 0.000000 0.512821 0.000000 0.512821 0.487179
GGGCCTATA 0.000000 0.881295 0.000000 0.881295 0.118705
GCTATCATA 0.000000 0.886792 0.000000 0.886792 0.113208
TCACATAGA 0.000000 0.695652 0.000000 0.695652 0.304348
AGTCGAGAC 0.000000 0.355932 0.000000 0.355932 0.644068
GACGTATAG 0.000000 0.272727 0.000000 0.272727 0.727273
CTCGATCTC 0.000000 0.640000 0.000000 0.640000 0.360000
CTCAGCGTG 0.000000 0.962687 0.000000 0.962687 0.037313
TATACTAGT 0.000000 0.680000 0.000000 0.680000 0.320000
ACAGATCGT 0.000000 0.981595 0.000000 0.981595 0.018405
GACGTATAT 0.000000 0.782609 0.000000 0.782609 0.217391
CGAACGATT 0.000000 0.500000 0.000000 0.500000 0.500000
TACAGCGTA 0.000000 0.714286 0.000000 0.714286 0.285714
TCTATACAG 0.000000 0.789189 0.000000 0.789189 0.210811
GCTCGAGCG 0.000000 0.625000 0.000000 0.625000 0.375000
TCTCAGATA 0.000000 0.711864 0.000000 0.711864 0.288136
TCTCAGATC 0.000000 0.217391 0.000000 0.217391 0.782609
ATTCATCAT 0.000000 0.400000 0.000000 0.400000 0.600000
CTCGACACG 0.000000 0.346154 0.000000 0.346154 0.653846
TCAGGCGCG 0.000000 0.813333 0.000000 0.813333 0.186667
AGATACAGA 0.000000 0.965802 0.000000 0.965802 0.034198
AGTGTCGCA 0.000000 0.451220 0.000000 0.451220 0.548780
GTATCTAGC 0.000000 0.533333 0.000000 0.533333 0.466667
CGCACTATC 0.000000 0.926471 0.000000 0.926471 0.073529
GATACACGT 0.000000 0.569620 0.000000 0.569620 0.430380
CACGCATAC 0.000000 0.895522 0.000000 0.895522 0.104478
CATACCGTA 0.000000 0.487805 0.000000 0.487805 0.512195
AGGGACGAA 0.000000 0.857143 0.000000 0.857143 0.142857
AGATACAGT 0.000000 0.450000 0.000000 0.450000 0.550000
GATCGCAAA 0.000000 0.958333 0.000000 0.958333 0.041667
AGTATGTAC 0.000000 0.779904 0.000000 0.779904 0.220096
ACATGGACC 0.000000 0.785714 0.000000 0.785714 0.214286
ATATGCATG 0.000000 0.812925 0.000000 0.812925 0.187075
GTCTACTGA 0.000000 0.307692 0.000000 0.307692 0.692308
GACGATGAT 0.000000 0.829787 0.000000 0.829787 0.170213
CATACCGTG 0.000000 0.929907 0.000000 0.929907 0.070093
GAGTCGCAG 0.000000 0.507042 0.000000 0.507042 0.492958
GTCTGTCGA 0.000000 0.875000 0.000000 0.875000 0.125000
GTATCTAGT 0.000000 0.782609 0.000000 0.782609 0.217391
CCCCCACCC 0.000000 0.759615 0.000000 0.759615 0.240385
TCTAGATCG 0.000000 0.416667 0.000000 0.416667 0.583333
CAGAATACC 0.000000 0.473684 0.000000 0.473684 0.526316
TCATATATG 0.000000 0.483559 0.000000 0.483559 0.516441
CATCTAGTG 0.000000 0.954696 0.000000 0.954696 0.045304
GCTCACAGA 0.000000 0.500000 0.000000 0.500000 0.500000
GTAGACATG 0.000000 0.782609 0.000000 0.782609 0.217391
TGTATGAAC 0.000000 0.863636 0.000000 0.863636 0.136364
AGCTTCACA 0.000000 0.718919 0.000000 0.718919 0.281081
AATAGTGTA 0.000000 0.276596 0.000000 0.276596 0.723404
GAGCAGACA 0.000000 0.861111 0.000000 0.861111 0.138889
CTCCGTACG 0.000000 0.458333 0.000000 0.458333 0.541667
CGTACGCGA 0.000000 0.137931 0.000000 0.137931 0.862069
ACTGAGCTC 0.000000 0.360000 0.000000 0.360000 0.640000
GTAGACATT 0.000000 0.789474 0.000000 0.789474 0.210526
ACATGCGAT 0.000000 0.864407 0.000000 0.864407 0.135593
TGGCGAAGG 0.000000 0.690608 0.000000 0.690608 0.309392
TCCGTAGAG 0.000000 0.631579 0.000000 0.631579 0.368421
CCATGCCAT 0.000000 0.850575 0.000000 0.850575 0.149425
TACCGTACG 0.000000 0.145833 0.000000 0.145833 0.854167
GTGACGATG 0.000000 0.846154 0.000000 0.846154 0.153846
GGCCTCGAC 0.000000 0.952381 0.000000 0.952381 0.047619
TAGACTAAG 0.000000 0.025641 0.000000 0.025641 0.974359
AGTTCATCA 0.000000 0.849057 0.000000 0.849057 0.150943
CAATCCGCG 0.000000 0.768519 0.000000 0.768519 0.231481
ATCATTCGA 0.000000 0.444444 0.000000 0.444444 0.555556
TATACCGGT 0.000000 0.725000 0.000000 0.725000 0.275000
TACCGTACT 0.000000 0.482759 0.000000 0.482759 0.517241
TCGGTAGCT 0.000000 0.761905 0.000000 0.761905 0.238095
ATAGATGTG 0.000000 0.974910 0.000000 0.974910 0.025090
ATGTATCGT 0.000000 0.758242 0.000000 0.758242 0.241758
TATAGTCGA 0.000000 0.454545 0.000000 0.454545 0.545455
CATATGAGC 0.000000 0.675676 0.000000 0.675676 0.324324
GGTGGAAGC 0.000000 0.847926 0.000000 0.847926 0.152074
GCAGTCTGA 0.000000 0.375000 0.000000 0.375000 0.625000
AGGACATCA 0.000000 0.844444 0.000000 0.844444 0.155556
CGTGTATCT 0.000000 0.181319 0.000000 0.181319 0.818681
TGTGAGTCA 0.000000 0.575758 0.000000 0.575758 0.424242
CCTGGGCGG 0.000000 0.551020 0.000000 0.551020 0.448980
TGCATCTAC 0.000000 0.709524 0.000000 0.709524 0.290476
TATAGACAT 0.000000 0.471698 0.000000 0.471698 0.528302
AGTCACAGA 0.000000 0.219608 0.000000 0.219608 0.780392
TTCTTTGCC 0.000000 0.517544 0.000000 0.517544 0.482456
GCAGTCTGT 0.000000 0.272727 0.000000 0.272727 0.727273
CTGAGTCAG 0.000000 0.048780 0.000000 0.048780 0.951220
TTCGTTCCT 0.000000 0.497382 0.000000 0.497382 0.502618
GACATAAGG 0.000000 0.510638 0.000000 0.510638 0.489362
TGTCGCGTC 0.000000 0.832370 0.000000 0.832370 0.167630
AACCATCGC 0.000000 0.800000 0.000000 0.800000 0.200000
AGATCGTAC 0.000000 0.580645 0.000000 0.580645 0.419355
CGATAGACG 0.000000 0.517241 0.000000 0.517241 0.482759
GGATAGATA 0.000000 0.777778 0.000000 0.777778 0.222222
GCGCAGCTC 0.000000 0.527211 0.000000 0.527211 0.472789
ATCTAGCGA 0.000000 0.787162 0.000000 0.787162 0.212838
CCTGCAAAC 0.000000 0.306122 0.000000 0.306122 0.693878
TATGTACTC 0.000000 0.171429 0.000000 0.171429 0.828571
CCGAACACC 0.000000 0.625000 0.000000 0.625000 0.375000
GCGCAGCTG 0.000000 0.285714 0.000000 0.285714 0.714286
GCAACATAA 0.000000 0.904255 0.000000 0.904255 0.095745
GCAGACGAA 0.000000 0.945055 0.000000 0.945055 0.054945
GCTCTCACG 0.000000 0.079592 0.000000 0.079592 0.920408
CGATAGACT 0.000000 0.444444 0.000000 0.444444 0.555556
CATCACTCA 0.000000 0.510689 0.000000 0.510689 0.489311
CAAGCATAT 0.000000 0.625000 0.000000 0.625000 0.375000
CGCAGTCTC 0.000000 0.692308 0.000000 0.692308 0.307692
CTCCGCGCC 0.000000 0.284314 0.000000 0.284314 0.715686
AGATCGTAT 0.000000 0.891304 0.000000 0.891304 0.108696
GTGTAGACA 0.000000 0.558140 0.000000 0.558140 0.441860
TCTTTGCCT 0.000000 0.573427 0.000000 0.573427 0.426573
CATCACTCG 0.000000 0.126316 0.000000 0.126316 0.873684
GTGACTATC 0.000000 0.743750 0.000000 0.743750 0.256250
TATCATGTC 0.000000 0.320000 0.000000 0.320000 0.680000
GATCTCGCT 0.000000 0.641026 0.000000 0.641026 0.358974
CTGGACAGA 0.000000 0.809524 0.000000 0.809524 0.190476
GTGTAGACG 0.000000 0.700000 0.000000 0.700000 0.300000
GATGTAGAG 0.000000 0.362637 0.000000 0.362637 0.637363
CATGAATAA 0.000000 0.758621 0.000000 0.758621 0.241379
ACGTGTAGC 0.000000 0.651515 0.000000 0.651515 0.348485
GTATGTCGT 0.000000 0.560000 0.000000 0.560000 0.440000
CTCCTGGGC 0.000000 0.224719 0.000000 0.224719 0.775281
CGCCGAATA 0.000000 0.822581 0.000000 0.822581 0.177419
TTCGAACCA 0.000000 0.397959 0.000000 0.397959 0.602041
TTATATTTG 0.000000 0.638889 0.000000 0.638889 0.361111
AGCGACGAG 0.000000 0.915054 0.000000 0.915054 0.084946
TAGATAGTG 0.000000 0.702703 0.000000 0.702703 0.297297
TCACGTCTC 0.000000 0.482353 0.000000 0.482353 0.517647
CAGTGACAT 0.000000 0.918367 0.000000 0.918367 0.081633
GGACTCGAA 0.000000 0.352941 0.000000 0.352941 0.647059
CTCAGGCAA 0.000000 0.230769 0.000000 0.230769 0.769231
TGTGCATGA 0.000000 0.892116 0.000000 0.892116 0.107884
GGACTCGAC 0.000000 0.800000 0.000000 0.800000 0.200000
TGCAGTCGA 0.000000 0.142857 0.000000 0.142857 0.857143
ATTAGTTTA 0.000000 0.675824 0.000000 0.675824 0.324176
CGACACTAA 0.000000 0.312500 0.000000 0.312500 0.687500
TGTACGATC 0.000000 0.883117 0.000000 0.883117 0.116883
GTCTGACCC 0.000000 0.813953 0.000000 0.813953 0.186047
ACGAATGTG 0.000000 0.950820 0.000000 0.950820 0.049180
CGGGGCTAT 0.000000 0.676056 0.000000 0.676056 0.323944
CGATCAAGA 0.000000 0.950495 0.000000 0.950495 0.049505
TTAGGCCAA 0.000000 0.910920 0.000000 0.910920 0.089080
TGTACGATG 0.000000 0.938650 0.000000 0.938650 0.061350
TGAGTCAGA 0.000000 0.555556 0.000000 0.555556 0.444444
ATGCACGTG 0.000000 0.558935 0.000000 0.558935 0.441065
CACTCTAGT 0.000000 0.954545 0.000000 0.954545 0.045455
ATACAGATC 0.000000 0.878788 0.000000 0.878788 0.121212
GGAGTGGGG 0.000000 0.926829 0.000000 0.926829 0.073171
TAGAGTCAC 0.000000 0.302632 0.000000 0.302632 0.697368
GCACGTGAG 0.000000 0.394231 0.000000 0.394231 0.605769
CGCGTGTCT 0.000000 0.197080 0.000000 0.197080 0.802920
CTACGCGCT 0.000000 0.217593 0.000000 0.217593 0.782407
CGCGTTTAT 0.000000 0.907767 0.000000 0.907767 0.092233
CTCACGACA 0.000000 0.622951 0.000000 0.622951 0.377049
CATGCAGAG 0.000000 0.357143 0.000000 0.357143 0.642857
ACAGTGCGA 0.000000 0.172414 0.000000 0.172414 0.827586
TAAGGTGGA 0.000000 0.652318 0.000000 0.652318 0.347682
ATCAAACGA 0.000000 0.625000 0.000000 0.625000 0.375000
ATCTCGCTG 0.000000 0.703704 0.000000 0.703704 0.296296
TCACTGAGC 0.000000 0.541667 0.000000 0.541667 0.458333
CGAACCGTA 0.000000 0.333333 0.000000 0.333333 0.666667
CGTACACAG 0.000000 0.105660 0.000000 0.105660 0.894340
CTCGTGCTC 0.000000 0.500000 0.000000 0.500000 0.500000
GCAGATACT 0.000000 0.510638 0.000000 0.510638 0.489362
ATCTATCGC 0.000000 0.818182 0.000000 0.818182 0.181818
GCACGATGA 0.000000 0.832700 0.000000 0.832700 0.167300
CTCGTGCTG 0.000000 0.608247 0.000000 0.608247 0.391753
AGAACATAT 0.000000 0.882353 0.000000 0.882353 0.117647
ATCATACCG 0.000000 0.914634 0.000000 0.914634 0.085366
CGTCAGACC 0.000000 0.938462 0.000000 0.938462 0.061538
CAGTTCTCA 0.000000 0.310811 0.000000 0.310811 0.689189
CGTCTCTGT 0.000000 0.538462 0.000000 0.538462 0.461538
GTAGAGTCA 0.000000 0.625000 0.000000 0.625000 0.375000
GGTGCCTCG 0.000000 0.409326 0.000000 0.409326 0.590674
TCGCGCAGA 0.000000 0.858407 0.000000 0.858407 0.141593
TATAGACCA 0.000000 0.471154 0.000000 0.471154 0.528846
GTCATCGAA 0.000000 0.285714 0.000000 0.285714 0.714286
GAGCGACGA 0.000000 0.843354 0.000000 0.843354 0.156646
TATAGACCG 0.000000 0.428571 0.000000 0.428571 0.571429
GAGCGACGC 0.000000 0.537500 0.000000 0.537500 0.462500
ACAGGATAC 0.000000 0.583333 0.000000 0.583333 0.416667
GTGATCGCA 0.000000 0.480000 0.000000 0.480000 0.520000
CGTCAGACT 0.000000 0.200000 0.000000 0.200000 0.800000
TGCAGACAG 0.000000 0.529412 0.000000 0.529412 0.470588
ACAGGATAG 0.000000 0.867925 0.000000 0.867925 0.132075
TCTAGTGAT 0.000000 0.838710 0.000000 0.838710 0.161290
GTTCGACAG 0.000000 0.828947 0.000000 0.828947 0.171053
GTGTACGAT 0.000000 0.796875 0.000000 0.796875 0.203125
GTTTACTTT 0.000000 0.752381 0.000000 0.752381 0.247619
CGACGTCAC 0.000000 0.862245 0.000000 0.862245 0.137755
TGCTGTCAG 0.000000 0.849148 0.000000 0.849148 0.150852
CGACGTCAG 0.000000 0.141667 0.000000 0.141667 0.858333
GTCATCGAT 0.000000 0.861538 0.000000 0.861538 0.138462
CTGTCCTGT 0.000000 0.597561 0.000000 0.597561 0.402439
GTTCGACAT 0.000000 0.210526 0.000000 0.210526 0.789474
CACGACATC 0.000000 0.423729 0.000000 0.423729 0.576271
GTGAGTCTC 0.000000 0.625000 0.000000 0.625000 0.375000
AAGGCCTTC 0.000000 0.414634 0.000000 0.414634 0.585366
TAGTGTATA 0.000000 0.783784 0.000000 0.783784 0.216216
CGACCTACA 0.000000 0.750000 0.000000 0.750000 0.250000
TAGTGTATC 0.000000 0.782123 0.000000 0.782123 0.217877
ACGCGCTGA 0.000000 0.428571 0.000000 0.428571 0.571429
CGCGCAGAC 0.000000 0.882353 0.000000 0.882353 0.117647
GATGCAGTC 0.000000 0.500000 0.000000 0.500000 0.500000
TGCGCGTGT 0.000000 0.654545 0.000000 0.654545 0.345455
TGTATCGAC 0.000000 0.416667 0.000000 0.416667 0.583333
TTAGAACCT 0.000000 0.708661 0.000000 0.708661 0.291339
AACGTCTAG 0.000000 0.078947 0.000000 0.078947 0.921053
ACGCATGCT 0.000000 0.879518 0.000000 0.879518 0.120482
CTCGACAGA 0.000000 0.945293 0.000000 0.945293 0.054707
TCGTCACGG 0.000000 0.885813 0.000000 0.885813 0.114187
GGCGAAGGC 0.000000 0.781250 0.000000 0.781250 0.218750
GTGTATACC 0.000000 0.829268 0.000000 0.829268 0.170732
AACGCAAAC 0.000000 0.549020 0.000000 0.549020 0.450980
GGACAAACC 0.000000 0.888889 0.000000 0.888889 0.111111
CTCGACAGG 0.000000 0.500000 0.000000 0.500000 0.500000
ACGGGCCGA 0.000000 0.348837 0.000000 0.348837 0.651163
TCAGCAGTC 0.000000 0.546667 0.000000 0.546667 0.453333
GGACAAACG 0.000000 0.876923 0.000000 0.876923 0.123077
GAACAGACA 0.000000 0.916667 0.000000 0.916667 0.083333
CTTTGTCCA 0.000000 0.294118 0.000000 0.294118 0.705882
TGTATCGAT 0.000000 0.415094 0.000000 0.415094 0.584906
CGCGAATAC 0.000000 0.133333 0.000000 0.133333 0.866667
CGCTAGAGA 0.000000 0.297872 0.000000 0.297872 0.702128
GCGCACACT 0.000000 0.200000 0.000000 0.200000 0.800000
ACGTCAGTC 0.000000 0.644444 0.000000 0.644444 0.355556
AGCGACGCG 0.000000 0.575000 0.000000 0.575000 0.425000
GACTGCAGC 0.000000 0.728814 0.000000 0.728814 0.271186
TCTAGATGA 0.000000 0.641026 0.000000 0.641026 0.358974
CGGACTCAT 0.000000 0.689655 0.000000 0.689655 0.310345
AGAGATACA 0.000000 0.522222 0.000000 0.522222 0.477778
GGACTCGCG 0.000000 0.694915 0.000000 0.694915 0.305085
CTCAGGCCG 0.000000 0.350649 0.000000 0.350649 0.649351
CGCTAGAGT 0.000000 0.116279 0.000000 0.116279 0.883721
ATGCTGATG 0.000000 0.722222 0.000000 0.722222 0.277778
GATGGAACA 0.000000 0.917808 0.000000 0.917808 0.082192
ACGTCAGTT 0.000000 0.702703 0.000000 0.702703 0.297297
TGCTGAATG 0.000000 0.666667 0.000000 0.666667 0.333333
CTACTAGAA 0.000000 0.687500 0.000000 0.687500 0.312500
TCTAGATGT 0.000000 0.947368 0.000000 0.947368 0.052632
CAGATGACG 0.000000 0.812500 0.000000 0.812500 0.187500
CTGGGCCTA 0.000000 0.795833 0.000000 0.795833 0.204167
ATCTCTCTA 0.000000 0.204301 0.000000 0.204301 0.795699
CGTCGACGA 0.000000 0.865672 0.000000 0.865672 0.134328
GACCATACG 0.000000 0.283582 0.000000 0.283582 0.716418
GAGCAGAGC 0.000000 0.381944 0.000000 0.381944 0.618056
GTCACTATC 0.000000 0.716667 0.000000 0.716667 0.283333
CTGTGCGTC 0.000000 0.560000 0.000000 0.560000 0.440000
GCTACAGCG 0.000000 0.291667 0.000000 0.291667 0.708333
TGTGTGTAT 0.000000 0.788462 0.000000 0.788462 0.211538
AACATCAGA 0.000000 0.970588 0.000000 0.970588 0.029412
CAGATCGAC 0.000000 0.705882 0.000000 0.705882 0.294118
AGACGATGT 0.000000 0.907692 0.000000 0.907692 0.092308
TGTGTCATG 0.000000 0.285714 0.000000 0.285714 0.714286
AACATCAGG 0.000000 0.400000 0.000000 0.400000 0.600000
CAATCCGGG 0.000000 0.760000 0.000000 0.760000 0.240000
GTTCAGAAT 0.000000 0.266667 0.000000 0.266667 0.733333
CAAGACATC 0.000000 0.833333 0.000000 0.833333 0.166667
AGTTCATGC 0.000000 0.933333 0.000000 0.933333 0.066667
GATACGCTG 0.000000 0.905405 0.000000 0.905405 0.094595
GTCTAGACT 0.000000 0.375000 0.000000 0.375000 0.625000
CACGCTGAG 0.000000 0.186047 0.000000 0.186047 0.813953
ACGTGAACG 0.000000 0.714286 0.000000 0.714286 0.285714
ACCGAACGA 0.000000 0.500000 0.000000 0.500000 0.500000
CATACAATC 0.000000 0.634615 0.000000 0.634615 0.365385
CAAGACATG 0.000000 0.647059 0.000000 0.647059 0.352941
CTCGTCACA 0.000000 0.919679 0.000000 0.919679 0.080321
TCTAGTGCA 0.000000 0.896552 0.000000 0.896552 0.103448
GCAAACATA 0.000000 0.703704 0.000000 0.703704 0.296296
GCAAACATC 0.000000 0.906250 0.000000 0.906250 0.093750
GTCGTGTAT 0.000000 0.650685 0.000000 0.650685 0.349315
ACATACCTG 0.000000 0.578947 0.000000 0.578947 0.421053
AATGTGACT 0.000000 0.214286 0.000000 0.214286 0.785714
GTCGTCATG 0.000000 0.451613 0.000000 0.451613 0.548387
CACGAGTCA 0.000000 0.755556 0.000000 0.755556 0.244444
GCCTCGTGA 0.000000 0.194444 0.000000 0.194444 0.805556
ACACTATAC 0.000000 0.150000 0.000000 0.150000 0.850000
CTACAAGGC 0.000000 0.241379 0.000000 0.241379 0.758621
GTAAACGGA 0.000000 0.088235 0.000000 0.088235 0.911765
GGGCCTCAG 0.000000 0.437500 0.000000 0.437500 0.562500
TATAAGACA 0.000000 0.650000 0.000000 0.650000 0.350000
GACGTATGA 0.000000 0.586207 0.000000 0.586207 0.413793
TATAAGACC 0.000000 0.809524 0.000000 0.809524 0.190476
ATAGGGATA 0.000000 0.952381 0.000000 0.952381 0.047619
ACATAAGGC 0.000000 0.698413 0.000000 0.698413 0.301587
AACGGACAG 0.000000 0.472441 0.000000 0.472441 0.527559
TGTGAGTGT 0.000000 0.833333 0.000000 0.833333 0.166667
GTAGTCATC 0.000000 0.845494 0.000000 0.845494 0.154506
GACGGGACA 0.000000 0.529412 0.000000 0.529412 0.470588
ATACACGTA 0.000000 0.525862 0.000000 0.525862 0.474138
ATACACGTC 0.000000 0.580952 0.000000 0.580952 0.419048
GTCTATACA 0.000000 0.982558 0.000000 0.982558 0.017442
ATACACGTG 0.000000 0.381818 0.000000 0.381818 0.618182
CTAAGAATA 0.000000 0.733333 0.000000 0.733333 0.266667
ACATAAGGT 0.000000 0.290323 0.000000 0.290323 0.709677
TGTCTAGTG 0.000000 0.882353 0.000000 0.882353 0.117647
CGCGCAGCT 0.000000 0.230088 0.000000 0.230088 0.769912
CGCTCGATA 0.000000 0.600000 0.000000 0.600000 0.400000
GCGTGTGTC 0.000000 0.110553 0.000000 0.110553 0.889447
GATACTCTC 0.000000 0.947253 0.000000 0.947253 0.052747
TAGTCGAAT 0.000000 0.400000 0.000000 0.400000 0.600000
ATATCTCTC 0.000000 0.809859 0.000000 0.809859 0.190141
GTATAGACA 0.000000 0.636364 0.000000 0.636364 0.363636
TGTAGTCTG 0.000000 0.312500 0.000000 0.312500 0.687500
GTGTAGAGT 0.000000 0.378378 0.000000 0.378378 0.621622
CTAGTTCTA 0.000000 0.242857 0.000000 0.242857 0.757143
CCTCAACGA 0.000000 0.194444 0.000000 0.194444 0.805556
TCATATCAA 0.000000 0.931507 0.000000 0.931507 0.068493
ATATGCCAT 0.000000 0.500000 0.000000 0.500000 0.500000
AAATGTGGG 0.000000 0.551402 0.000000 0.551402 0.448598
CGTATGATT 0.000000 0.500000 0.000000 0.500000 0.500000
AGTGGACTC 0.000000 0.520000 0.000000 0.520000 0.480000
TCATATCAG 0.000000 0.217391 0.000000 0.217391 0.782609
GCGGTGAGA 0.000000 0.551724 0.000000 0.551724 0.448276
GTAGTGTAG 0.000000 0.481250 0.000000 0.481250 0.518750
AGGTCCCCC 0.000000 0.649573 0.000000 0.649573 0.350427
AGTATGTGT 0.000000 0.985507 0.000000 0.985507 0.014493
GCGCGTTTA 0.000000 0.763713 0.000000 0.763713 0.236287
GATCGCAGT 0.000000 0.192308 0.000000 0.192308 0.807692
TCATATCAT 0.000000 0.865854 0.000000 0.865854 0.134146
AGAACGGAT 0.000000 0.545455 0.000000 0.545455 0.454545
ACATGCGGA 0.000000 0.256757 0.000000 0.256757 0.743243
CGTGCTGTC 0.000000 0.954424 0.000000 0.954424 0.045576
GTAGTGTAT 0.000000 0.841270 0.000000 0.841270 0.158730
CGCGTGTGT 0.000000 0.949749 0.000000 0.949749 0.050251
ACTAGTCAG 0.000000 0.625442 0.000000 0.625442 0.374558
CGTGCTGTG 0.000000 0.414201 0.000000 0.414201 0.585799
CTGATCTAG 0.000000 0.644628 0.000000 0.644628 0.355372
CATAGACTC 0.000000 0.108434 0.000000 0.108434 0.891566
TGCAAGACG 0.000000 0.857143 0.000000 0.857143 0.142857
CTACAATTC 0.000000 0.350427 0.000000 0.350427 0.649573
CCATGCCGT 0.000000 0.473684 0.000000 0.473684 0.526316
ACTCGTAGC 0.000000 0.881313 0.000000 0.881313 0.118687
TACCGAACG 0.000000 0.500000 0.000000 0.500000 0.500000
TACTGCGTG 0.000000 0.666667 0.000000 0.666667 0.333333
CAGCTAGTA 0.000000 0.642857 0.000000 0.642857 0.357143
TGCAAGACT 0.000000 0.166667 0.000000 0.166667 0.833333
CCGGGTCCT 0.000000 0.370647 0.000000 0.370647 0.629353
ACACATGCG 0.000000 0.914634 0.000000 0.914634 0.085366
GCAGTCGAG 0.000000 0.310345 0.000000 0.310345 0.689655
ACTGTTCTC 0.000000 0.947368 0.000000 0.947368 0.052632
ACACGCTGA 0.000000 0.444444 0.000000 0.444444 0.555556
ACTCGTAGT 0.000000 0.988024 0.000000 0.988024 0.011976
CATCGACAT 0.000000 0.400000 0.000000 0.400000 0.600000
CATCGTCGT 0.000000 0.971499 0.000000 0.971499 0.028501
AGCTCGTGA 0.000000 0.390805 0.000000 0.390805 0.609195
CGAGCAGCA 0.000000 0.821782 0.000000 0.821782 0.178218
CCTCGCCGA 0.000000 0.868421 0.000000 0.868421 0.131579
CATGTATAA 0.000000 0.730769 0.000000 0.730769 0.269231
AGCGATAGT 0.000000 0.444444 0.000000 0.444444 0.555556
GTACGAATA 0.000000 0.666667 0.000000 0.666667 0.333333
CATGTATAC 0.000000 0.275362 0.000000 0.275362 0.724638
TGTCACTCA 0.000000 0.720930 0.000000 0.720930 0.279070
TCGCAGATA 0.000000 0.800000 0.000000 0.800000 0.200000
AATGTCGCC 0.000000 0.769231 0.000000 0.769231 0.230769
GCTATATAA 0.000000 0.156028 0.000000 0.156028 0.843972
AAGGCAAGT 0.000000 0.533333 0.000000 0.533333 0.466667
GGCAAACAT 0.000000 0.714286 0.000000 0.714286 0.285714
GTCGCTGGA 0.000000 0.755274 0.000000 0.755274 0.244726
CGAACTCAA 0.000000 0.812500 0.000000 0.812500 0.187500
CAGCACTAT 0.000000 0.400000 0.000000 0.400000 0.600000
CATGTATAT 0.000000 0.970874 0.000000 0.970874 0.029126
CGAACGCCG 0.000000 0.833333 0.000000 0.833333 0.166667
CGAACTCAG 0.000000 0.457627 0.000000 0.457627 0.542373
TGTCACTCT 0.000000 0.487455 0.000000 0.487455 0.512545
ACTGTCACT 0.000000 0.232143 0.000000 0.232143 0.767857
ACATCAGTC 0.000000 0.534884 0.000000 0.534884 0.465116
CAGACCGTA 0.000000 0.865672 0.000000 0.865672 0.134328
CGATATAGA 0.000000 0.866667 0.000000 0.866667 0.133333
ACGTAGGTT 0.000000 0.818182 0.000000 0.818182 0.181818
CGAACTCAT 0.000000 0.925926 0.000000 0.925926 0.074074
CACATCGAC 0.000000 0.760000 0.000000 0.760000 0.240000
ATACTGATC 0.000000 0.027778 0.000000 0.027778 0.972222
CAGGACCAT 0.000000 1.000000 0.000000 1.000000 0.000000
CACGGAGTG 0.000000 0.879570 0.000000 0.879570 0.120430
ACCGGGGCT 0.000000 0.600000 0.000000 0.600000 0.400000
GTCGAATAG 0.000000 0.666667 0.000000 0.666667 0.333333
TCGTAGCGC 0.000000 0.981618 0.000000 0.981618 0.018382
AACGGACCT 0.000000 0.250000 0.000000 0.250000 0.750000
GTGTCGATG 0.000000 0.541667 0.000000 0.541667 0.458333
AGATCGTGT 0.000000 0.917197 0.000000 0.917197 0.082803
ACTTGTATT 0.000000 0.761905 0.000000 0.761905 0.238095
CTGTCGACT 0.000000 0.343750 0.000000 0.343750 0.656250
TGTGCAGAC 0.000000 0.375000 0.000000 0.375000 0.625000
CGCCACTGG 0.000000 0.917526 0.000000 0.917526 0.082474
GTGACTCAT 0.000000 0.586207 0.000000 0.586207 0.413793
CGCCGACAC 0.000000 0.981308 0.000000 0.981308 0.018692
GTGTATAGG 0.000000 0.416667 0.000000 0.416667 0.583333
TCTCATCAT 0.000000 0.529412 0.000000 0.529412 0.470588
GTATGACGT 0.000000 0.555556 0.000000 0.555556 0.444444
TGAACAAGA 0.000000 0.692308 0.000000 0.692308 0.307692
TCGTAGCGT 0.000000 0.267606 0.000000 0.267606 0.732394
TCAAGTTGG 0.000000 0.895833 0.000000 0.895833 0.104167
GATATGCGC 0.000000 0.853659 0.000000 0.853659 0.146341
GAGTCTCGA 0.000000 0.342857 0.000000 0.342857 0.657143
ATGTGGGAC 0.000000 0.825397 0.000000 0.825397 0.174603
GTCGCAGAC 0.000000 0.423729 0.000000 0.423729 0.576271
CTCAGGCGC 0.000000 0.666667 0.000000 0.666667 0.333333
GAGTCACAG 0.000000 0.196172 0.000000 0.196172 0.803828
AAGTGCCTC 0.000000 0.479167 0.000000 0.479167 0.520833
TTTTTTGTG 0.000000 0.151961 0.000000 0.151961 0.848039
GAAGGCGAC 0.000000 0.892857 0.000000 0.892857 0.107143
TCTCTCGTG 0.000000 0.638596 0.000000 0.638596 0.361404
GACTAGATC 0.000000 0.823529 0.000000 0.823529 0.176471
GACTCGCGT 0.000000 0.391304 0.000000 0.391304 0.608696
GCGCTCACT 0.000000 0.205128 0.000000 0.205128 0.794872
AGTCTACTG 0.000000 0.114754 0.000000 0.114754 0.885246
CTCATCTAC 0.000000 0.855932 0.000000 0.855932 0.144068
CACGTGTAG 0.000000 0.491525 0.000000 0.491525 0.508475
GTCGCAGAT 0.000000 0.483871 0.000000 0.483871 0.516129
TGCTCTAGA 0.000000 0.926471 0.000000 0.926471 0.073529
AATATGTAT 0.000000 0.868687 0.000000 0.868687 0.131313
AGTGAGATA 0.000000 0.915493 0.000000 0.915493 0.084507
GGATATCAG 0.000000 0.400000 0.000000 0.400000 0.600000
TATATGAAC 0.000000 0.800000 0.000000 0.800000 0.200000
AGTGAGATG 0.000000 0.905405 0.000000 0.905405 0.094595
CCGCGCCAT 0.000000 0.411765 0.000000 0.411765 0.588235
GATAGATAA 0.000000 0.720000 0.000000 0.720000 0.280000
ATGTCACTC 0.000000 0.538226 0.000000 0.538226 0.461774
TAGAGTCGT 0.000000 0.720930 0.000000 0.720930 0.279070
CCTCGTGAG 0.000000 0.420561 0.000000 0.420561 0.579439
ACTCGAACA 0.000000 1.000000 0.000000 1.000000 0.000000
TATCAAGTC 0.000000 0.555556 0.000000 0.555556 0.444444
ACTCGAACC 0.000000 0.777778 0.000000 0.777778 0.222222
GATAGATAG 0.000000 0.473466 0.000000 0.473466 0.526534
GTGCTCTAG 0.000000 0.557522 0.000000 0.557522 0.442478
GCTGATATA 0.000000 0.787879 0.000000 0.787879 0.212121
GCCATCATC 0.000000 0.909091 0.000000 0.909091 0.090909
CTCACTAGT 0.000000 0.450000 0.000000 0.450000 0.550000
GCTGATATC 0.000000 0.555556 0.000000 0.555556 0.444444
CGCTGTCTG 0.000000 0.138462 0.000000 0.138462 0.861538
TCTCGCATG 0.000000 0.432432 0.000000 0.432432 0.567568
GATCGACTA 0.000000 0.411765 0.000000 0.411765 0.588235
ACTCGAACG 0.000000 0.800000 0.000000 0.800000 0.200000
GACATCGTG 0.000000 0.924544 0.000000 0.924544 0.075456
GATGATGTG 0.000000 0.645833 0.000000 0.645833 0.354167
TGAGCATCA 0.000000 0.823529 0.000000 0.823529 0.176471
GATCGACTG 0.000000 0.562500 0.000000 0.562500 0.437500
GGACCTCAT 0.000000 0.873950 0.000000 0.873950 0.126050
GTACACTCG 0.000000 0.761682 0.000000 0.761682 0.238318
GATAGATAT 0.000000 0.722222 0.000000 0.722222 0.277778
GACATCGTT 0.000000 0.758621 0.000000 0.758621 0.241379
TCACGACTA 0.000000 0.461538 0.000000 0.461538 0.538462
AGCACTGCT 0.000000 0.219512 0.000000 0.219512 0.780488
CATATAAGA 0.000000 0.333333 0.000000 0.333333 0.666667
ATGGACTAC 0.000000 0.597561 0.000000 0.597561 0.402439
GTGTACGGG 0.000000 0.979592 0.000000 0.979592 0.020408
AACCGGGAT 0.000000 0.833333 0.000000 0.833333 0.166667
AATAAGTGG 0.000000 0.107143 0.000000 0.107143 0.892857
AGCGTCGCA 0.000000 0.190840 0.000000 0.190840 0.809160
CCGACGTCA 0.000000 0.936170 0.000000 0.936170 0.063830
GCATGTGTA 0.000000 0.398585 0.000000 0.398585 0.601415
TGATCTAGT 0.000000 0.714286 0.000000 0.714286 0.285714
CGTCACGGA 0.000000 0.635389 0.000000 0.635389 0.364611
ACCGACAAA 0.000000 0.954545 0.000000 0.954545 0.045455
ACGCGCGAA 0.000000 0.424242 0.000000 0.424242 0.575758
CATGTATCT 0.000000 0.934589 0.000000 0.934589 0.065411
AATAAGTGT 0.000000 0.874172 0.000000 0.874172 0.125828
CATATAAGT 0.000000 0.650000 0.000000 0.650000 0.350000
ACCGACAAG 0.000000 0.542857 0.000000 0.542857 0.457143
AAACGGGAC 0.000000 0.214286 0.000000 0.214286 0.785714
AAGACATCG 0.000000 0.300000 0.000000 0.300000 0.700000
ACCGGTGCC 0.000000 0.867925 0.000000 0.867925 0.132075
CAGTACGCA 0.000000 0.482759 0.000000 0.482759 0.517241
CGACGACAT 0.000000 0.666667 0.000000 0.666667 0.333333
CGAACTCCT 0.000000 0.650794 0.000000 0.650794 0.349206
TATCGCGTA 0.000000 0.244444 0.000000 0.244444 0.755556
GTCTCGATC 0.000000 0.592593 0.000000 0.592593 0.407407
CACATCGCG 0.000000 0.813953 0.000000 0.813953 0.186047
TAGTGAATG 0.000000 0.541667 0.000000 0.541667 0.458333
TCCTAGCGC 0.000000 0.882927 0.000000 0.882927 0.117073
TAGTGTCAT 0.000000 0.864242 0.000000 0.864242 0.135758
GCCAACCAT 0.000000 0.857143 0.000000 0.857143 0.142857
ACACAGGGC 0.000000 0.428571 0.000000 0.428571 0.571429
CGAGTATAG 0.000000 0.631579 0.000000 0.631579 0.368421
GAATAGATG 0.000000 0.423077 0.000000 0.423077 0.576923
CGAGTCCCC 0.000000 0.952381 0.000000 0.952381 0.047619
AAGTTCAGA 0.000000 0.733333 0.000000 0.733333 0.266667
CAGGCAGAC 0.000000 0.709459 0.000000 0.709459 0.290541
CACAGTCTC 0.000000 0.651786 0.000000 0.651786 0.348214
ATGAGTTTT 0.000000 0.939914 0.000000 0.939914 0.060086
CCAACCATA 0.000000 0.962838 0.000000 0.962838 0.037162
TCTAGAGAC 0.000000 0.146341 0.000000 0.146341 0.853659
ACCAGTATG 0.000000 0.229730 0.000000 0.229730 0.770270
GAACATAGA 0.000000 0.857143 0.000000 0.857143 0.142857
GGCCGACTC 0.000000 0.126437 0.000000 0.126437 0.873563
GAACATAGG 0.000000 0.866667 0.000000 0.866667 0.133333
ACCGTACGA 0.000000 0.733333 0.000000 0.733333 0.266667
GCACTGCTC 0.000000 0.333333 0.000000 0.333333 0.666667
GACTCTCGC 0.000000 0.939189 0.000000 0.939189 0.060811
GATATACAA 0.000000 0.588235 0.000000 0.588235 0.411765
GTAACGCAT 0.000000 0.849462 0.000000 0.849462 0.150538
GATATACAC 0.000000 0.941176 0.000000 0.941176 0.058824
CATCAGACA 0.000000 0.934783 0.000000 0.934783 0.065217
CCATACAAT 0.000000 0.615385 0.000000 0.615385 0.384615
CATCAGACC 0.000000 0.957143 0.000000 0.957143 0.042857
CATCAGACG 0.000000 0.860465 0.000000 0.860465 0.139535
CGCGAATGT 0.000000 0.666667 0.000000 0.666667 0.333333
GAACTCGAA 0.000000 0.571429 0.000000 0.571429 0.428571
TATGCATGA 0.000000 0.810036 0.000000 0.810036 0.189964
TGTCTCTAG 0.000000 0.210526 0.000000 0.210526 0.789474
TACAGACAC 0.000000 0.717949 0.000000 0.717949 0.282051
CTCATCTCA 0.000000 0.418182 0.000000 0.418182 0.581818
TCTGTAGTC 0.000000 0.266667 0.000000 0.266667 0.733333
CATCAGACT 0.000000 0.648148 0.000000 0.648148 0.351852
CGTCTCGCA 0.000000 0.189781 0.000000 0.189781 0.810219
TACAGACAG 0.000000 0.361111 0.000000 0.361111 0.638889
AAAGTCTGT 0.000000 0.820896 0.000000 0.820896 0.179104
CACTATACT 0.000000 0.416667 0.000000 0.416667 0.583333
TCTGTAGTG 0.000000 0.491803 0.000000 0.491803 0.508197
ATCAGGTTC 0.000000 0.454545 0.000000 0.454545 0.545455
GTCACTCAC 0.000000 0.594595 0.000000 0.594595 0.405405
TCACAGATA 0.000000 0.675676 0.000000 0.675676 0.324324
AGTTCAGAA 0.000000 0.533333 0.000000 0.533333 0.466667
CTACTAGGA 0.000000 0.072398 0.000000 0.072398 0.927602
GTCACTCAG 0.000000 0.396154 0.000000 0.396154 0.603846
TACTCGACA 0.000000 0.538462 0.000000 0.538462 0.461538
TCACAGATG 0.000000 0.712121 0.000000 0.712121 0.287879
TTGCCTGTG 0.000000 0.555556 0.000000 0.555556 0.444444
ATCTCACTC 0.000000 0.262295 0.000000 0.262295 0.737705
ACAGTACGC 0.000000 0.447368 0.000000 0.447368 0.552632
TACAGTCGT 0.000000 0.913043 0.000000 0.913043 0.086957
TACAGACAT 0.000000 0.913043 0.000000 0.913043 0.086957
AGTGCTCGT 0.000000 0.636364 0.000000 0.636364 0.363636
CTAGTCAGT 0.000000 0.795132 0.000000 0.795132 0.204868
CGTGTAGAC 0.000000 0.500000 0.000000 0.500000 0.500000
TGCGAGTCG 0.000000 0.208333 0.000000 0.208333 0.791667
AAGAACATA 0.000000 0.700000 0.000000 0.700000 0.300000
TCGTCTCTA 0.000000 0.268817 0.000000 0.268817 0.731183
CCGCTGCGG 0.000000 0.643564 0.000000 0.643564 0.356436
GGATATCCT 0.000000 0.140244 0.000000 0.140244 0.859756
CAAACCGTA 0.000000 0.518519 0.000000 0.518519 0.481481
GTCAGCAGT 0.000000 0.267717 0.000000 0.267717 0.732283
GTCGTGTGC 0.000000 0.409871 0.000000 0.409871 0.590129
GAACGCAAA 0.000000 0.830986 0.000000 0.830986 0.169014
AGGACAGAC 0.000000 0.433735 0.000000 0.433735 0.566265
TGATGTCGT 0.000000 0.681818 0.000000 0.681818 0.318182
TCTGACTAT 0.000000 0.863636 0.000000 0.863636 0.136364
ATAAGGTTC 0.000000 0.687500 0.000000 0.687500 0.312500
CTATCGACG 0.000000 0.818841 0.000000 0.818841 0.181159
TCTGGGCCT 0.000000 0.654485 0.000000 0.654485 0.345515
GTATCGATA 0.000000 0.611111 0.000000 0.611111 0.388889
ATTCTTCGT 0.000000 0.761905 0.000000 0.761905 0.238095
GTATCGATC 0.000000 0.526316 0.000000 0.526316 0.473684
TGACGTATG 0.000000 0.173333 0.000000 0.173333 0.826667
CGTCAAACG 0.000000 0.750000 0.000000 0.750000 0.250000
GTCGTGTGT 0.000000 0.982120 0.000000 0.982120 0.017880
ATGAACAGA 0.000000 0.962963 0.000000 0.962963 0.037037
GCCACTGGG 0.000000 0.964602 0.000000 0.964602 0.035398
AGAATGTAT 0.000000 0.571429 0.000000 0.571429 0.428571
AGTCCCCCA 0.000000 0.026460 0.000000 0.026460 0.973540
TACCATGTC 0.000000 0.294118 0.000000 0.294118 0.705882
GACGTAGAC 0.000000 0.578947 0.000000 0.578947 0.421053
ATGAACAGG 0.000000 0.642857 0.000000 0.642857 0.357143
GATACCAGG 0.000000 0.277778 0.000000 0.277778 0.722222
TATATCGAT 0.000000 0.450980 0.000000 0.450980 0.549020
CTATCGACT 0.000000 0.266667 0.000000 0.266667 0.733333
GGGCCTCGA 0.000000 0.813333 0.000000 0.813333 0.186667
CAAAGTCTG 0.000000 0.740260 0.000000 0.740260 0.259740
TAGTACTCA 0.000000 0.641618 0.000000 0.641618 0.358382
GTGTGTCTA 0.000000 0.383333 0.000000 0.383333 0.616667
AGCATTTAA 0.000000 0.984127 0.000000 0.984127 0.015873
TAGTACTCG 0.000000 0.115789 0.000000 0.115789 0.884211
CTCGCGTGA 0.000000 0.361111 0.000000 0.361111 0.638889
GTGTGTCTG 0.000000 0.117647 0.000000 0.117647 0.882353
ATGTGTGCT 0.000000 0.603306 0.000000 0.603306 0.396694
TGCTAGAAC 0.000000 0.650000 0.000000 0.650000 0.350000
CCAAGCCTC 0.000000 0.551351 0.000000 0.551351 0.448649
AATACAGAA 0.000000 0.722420 0.000000 0.722420 0.277580
TCTCAGCGA 0.000000 0.619048 0.000000 0.619048 0.380952
GTGTGTCTT 0.000000 0.397590 0.000000 0.397590 0.602410
CAACGAATG 0.000000 0.750000 0.000000 0.750000 0.250000
AATACAGAC 0.000000 0.250000 0.000000 0.250000 0.750000
ATAAGTGGG 0.000000 0.588235 0.000000 0.588235 0.411765
TATGATTCT 0.000000 0.555556 0.000000 0.555556 0.444444
TAGTCGAGA 0.000000 0.633333 0.000000 0.633333 0.366667
TGATTCTCC 0.000000 0.814815 0.000000 0.814815 0.185185
CCAACTTAG 0.000000 0.673077 0.000000 0.673077 0.326923
CCCGTCTAT 0.000000 0.578947 0.000000 0.578947 0.421053
ATCATGCTA 0.000000 0.467532 0.000000 0.467532 0.532468
TCTCAGCGT 0.000000 0.855072 0.000000 0.855072 0.144928
CGTCGCACG 0.000000 0.357143 0.000000 0.357143 0.642857
CATTCGCCT 0.000000 0.087719 0.000000 0.087719 0.912281
CTAACAACC 0.000000 0.910180 0.000000 0.910180 0.089820
ATGATTCTC 0.000000 0.848485 0.000000 0.848485 0.151515
AGACACAGA 0.000000 0.979675 0.000000 0.979675 0.020325
AGCCTCACT 0.000000 0.391304 0.000000 0.391304 0.608696
ACGACGACA 0.000000 0.675676 0.000000 0.675676 0.324324
GCATACATG 0.000000 0.537778 0.000000 0.537778 0.462222
CATTTAACC 0.000000 0.960000 0.000000 0.960000 0.040000
TCCATACCT 0.000000 0.537190 0.000000 0.537190 0.462810
ATCTGGGCC 0.000000 0.919811 0.000000 0.919811 0.080189
ATCTGTGAC 0.000000 0.480000 0.000000 0.480000 0.520000
AACGTGAAC 0.000000 0.615385 0.000000 0.615385 0.384615
CTAGTACTC 0.000000 0.132653 0.000000 0.132653 0.867347
GGGACACTG 0.000000 0.437500 0.000000 0.437500 0.562500
ATCGACTAT 0.000000 0.368421 0.000000 0.368421 0.631579
AGCTAGTAC 0.000000 0.560000 0.000000 0.560000 0.440000
CGCACTCGT 0.000000 0.947977 0.000000 0.947977 0.052023
CACTAGAGA 0.000000 0.516245 0.000000 0.516245 0.483755
CAGACTCAG 0.000000 0.851485 0.000000 0.851485 0.148515
CAGAGCAGA 0.000000 0.452381 0.000000 0.452381 0.547619
CATCATACC 0.000000 0.925466 0.000000 0.925466 0.074534
ATGCCCAAG 0.000000 0.518219 0.000000 0.518219 0.481781
ACTCAGGTT 0.000000 0.571429 0.000000 0.571429 0.428571
GTCAGACTC 0.000000 0.784946 0.000000 0.784946 0.215054
AACGTGAAT 0.000000 1.000000 0.000000 1.000000 0.000000
CAGACTCAT 0.000000 0.583333 0.000000 0.583333 0.416667
CGAGATGCT 0.000000 0.488506 0.000000 0.488506 0.511494
GTAGTGTGT 0.000000 0.974576 0.000000 0.974576 0.025424
GAAGTAGAA 0.000000 0.900000 0.000000 0.900000 0.100000
TCACATATC 0.000000 0.270270 0.000000 0.270270 0.729730
ACATATGTA 0.000000 0.625000 0.000000 0.625000 0.375000
CTATACTAG 0.000000 0.323529 0.000000 0.323529 0.676471
TATGTGTAC 0.000000 0.357143 0.000000 0.357143 0.642857
ATATGTGAC 0.000000 0.576923 0.000000 0.576923 0.423077
TCGTGATAG 0.000000 0.102273 0.000000 0.102273 0.897727
AGCACAGAA 0.000000 0.732026 0.000000 0.732026 0.267974
CTATGAATA 0.000000 0.625000 0.000000 0.625000 0.375000
CGGGATGGA 0.000000 0.246753 0.000000 0.246753 0.753247
CGACATAAG 0.000000 0.319328 0.000000 0.319328 0.680672
AGCGAAAGC 0.000000 0.828125 0.000000 0.828125 0.171875
CGTGTAGCT 0.000000 0.169014 0.000000 0.169014 0.830986
GGACAGATG 0.000000 0.600000 0.000000 0.600000 0.400000
ACAGACACT 0.000000 0.200000 0.000000 0.200000 0.800000
ATGACGTAT 0.000000 0.786885 0.000000 0.786885 0.213115
CCGTGAGCT 0.000000 0.404762 0.000000 0.404762 0.595238
GTCTTCGCC 0.000000 0.650000 0.000000 0.650000 0.350000
CAGCACTGC 0.000000 0.470588 0.000000 0.470588 0.529412
CAAGCAGAA 0.000000 0.473684 0.000000 0.473684 0.526316
ACTCATGTA 0.000000 0.684211 0.000000 0.684211 0.315789
CCTCATCTA 0.000000 0.823529 0.000000 0.823529 0.176471
TGAGCATGT 0.000000 0.890351 0.000000 0.890351 0.109649
ACTCATGTC 0.000000 0.845133 0.000000 0.845133 0.154867
CTCTACTCG 0.000000 0.175926 0.000000 0.175926 0.824074
CTATCTACT 0.000000 0.929688 0.000000 0.929688 0.070312
TCGAACAAG 0.000000 0.282609 0.000000 0.282609 0.717391
TGTTGCACA 0.000000 0.927586 0.000000 0.927586 0.072414
GTACGTCGT 0.000000 0.752688 0.000000 0.752688 0.247312
CAGTCTATC 0.000000 0.419355 0.000000 0.419355 0.580645
GAGACTCTC 0.000000 0.956790 0.000000 0.956790 0.043210
GAGTATCAC 0.000000 0.462500 0.000000 0.462500 0.537500
TATCACTAG 0.000000 0.363636 0.000000 0.363636 0.636364
AAGACATGA 0.000000 0.666667 0.000000 0.666667 0.333333
CAGGACCGA 0.000000 0.466667 0.000000 0.466667 0.533333
CATGTATGT 0.000000 0.917910 0.000000 0.917910 0.082090
ACGGACAGA 0.000000 0.913043 0.000000 0.913043 0.086957
GTCTGTCTG 0.000000 0.643791 0.000000 0.643791 0.356209
CGATCGCAT 0.000000 0.841584 0.000000 0.841584 0.158416
CAGGACCGG 0.000000 0.889706 0.000000 0.889706 0.110294
GAGCCTCAC 0.000000 0.531250 0.000000 0.531250 0.468750
AGGCCTTCA 0.000000 0.514286 0.000000 0.514286 0.485714
GACATTCAG 0.000000 0.142857 0.000000 0.142857 0.857143
GCTCACATA 0.000000 0.929825 0.000000 0.929825 0.070175
ACTATCTCA 0.000000 0.484848 0.000000 0.484848 0.515152
CGTAGTTCA 0.000000 0.779661 0.000000 0.779661 0.220339
ACGATAGTG 0.000000 0.762295 0.000000 0.762295 0.237705
GCTCACATC 0.000000 0.554455 0.000000 0.554455 0.445545
GATAGTGAG 0.000000 0.490040 0.000000 0.490040 0.509960
GTGTCGCAC 0.000000 0.620690 0.000000 0.620690 0.379310
AGTGCACCT 0.000000 0.887173 0.000000 0.887173 0.112827
AGCCAACTT 0.000000 0.967078 0.000000 0.967078 0.032922
GTCGATGAT 0.000000 0.881250 0.000000 0.881250 0.118750
AGATAGTAC 0.000000 0.527559 0.000000 0.527559 0.472441
ACGCTAGAG 0.000000 0.329268 0.000000 0.329268 0.670732
CGACAGACA 0.000000 0.960159 0.000000 0.960159 0.039841
CGACAGACC 0.000000 0.909091 0.000000 0.909091 0.090909
AGCGCTCAC 0.000000 0.321739 0.000000 0.321739 0.678261
TATGAGTGT 0.000000 0.813559 0.000000 0.813559 0.186441
TATACCGTG 0.000000 0.669231 0.000000 0.669231 0.330769
GTTTATATT 0.000000 0.780000 0.000000 0.780000 0.220000
ACTATCTCT 0.000000 0.840708 0.000000 0.840708 0.159292
AGACCGTAG 0.000000 0.648352 0.000000 0.648352 0.351648
TAGTCAAAC 0.000000 0.000000 0.000000 0.000000 1.000000
AGTGTGATG 0.000000 0.938144 0.000000 0.938144 0.061856
ACGAGTCAC 0.000000 0.571429 0.000000 0.571429 0.428571
ATGTATCTC 0.000000 0.885886 0.000000 0.885886 0.114114
GTGAATATA 0.000000 0.705882 0.000000 0.705882 0.294118
CCTGTTACA 0.000000 0.954545 0.000000 0.954545 0.045455
TGTGCAGGA 0.000000 0.590909 0.000000 0.590909 0.409091
CGATTCGGA 0.000000 0.220183 0.000000 0.220183 0.779817
ACGAGTCAG 0.000000 0.262712 0.000000 0.262712 0.737288
ATCGACTCA 0.000000 0.333333 0.000000 0.333333 0.666667
ACTGCGTGT 0.000000 0.841463 0.000000 0.841463 0.158537
TATCTAGTC 0.000000 0.940000 0.000000 0.940000 0.060000
TCTCATCGT 0.000000 0.970272 0.000000 0.970272 0.029728
GTGCAGACA 0.000000 0.846154 0.000000 0.846154 0.153846
ATCGACTCG 0.000000 0.156522 0.000000 0.156522 0.843478
AAGGCTATA 0.000000 0.813953 0.000000 0.813953 0.186047
ACATCCTCG 0.000000 0.668831 0.000000 0.668831 0.331169
ATGCTTCCA 0.000000 0.464516 0.000000 0.464516 0.535484
TGTACGCGA 0.000000 0.226415 0.000000 0.226415 0.773585
TATAGTCTC 0.000000 0.649038 0.000000 0.649038 0.350962
AGTCAGTAC 0.000000 0.597902 0.000000 0.597902 0.402098
ATCATTCTT 0.000000 0.654206 0.000000 0.654206 0.345794
