TGAATGC 0.230769 0.000000 0.244755 0.524476
AGACTCC 0.522124 0.000000 0.115044 0.362832
CGATGAT 0.188187 0.583791 0.228022 0.000000
AAGGTTC 0.203488 0.000000 0.279070 0.517442
GAAGCAA 0.000000 0.212329 0.472603 0.315068
ACACGTC 0.150307 0.000000 0.125767 0.723926
TATAAAC 0.190476 0.000000 0.357143 0.452381
GTGTGAT 0.248466 0.395706 0.355828 0.000000
TGCTAGC 0.500000 0.000000 0.266667 0.233333
AGACAGG 0.451282 0.210256 0.000000 0.338462
CATGCTA 0.000000 0.195082 0.640984 0.163934
CGCGCGA 0.000000 0.148936 0.794326 0.056738
GAGCTAC 0.239726 0.000000 0.226027 0.534247
CGTCGAT 0.093750 0.552083 0.354167 0.000000
TGTAGTG 0.614428 0.203980 0.000000 0.181592
AACCTGT 0.254902 0.490196 0.254902 0.000000
GGTAGCT 0.191667 0.488889 0.319444 0.000000
GCACATG 0.466102 0.250000 0.000000 0.283898
CAAGCCT 0.162162 0.500000 0.337838 0.000000
GGGACTG 0.580247 0.333333 0.000000 0.086420
TCCGTCG 0.565217 0.121739 0.000000 0.313043
GTGCAGC 0.239583 0.000000 0.187500 0.572917
CGGGCCG 0.681416 0.053097 0.000000 0.265487
CGTGGAC 0.205882 0.000000 0.088235 0.705882
CTGCAAA 0.000000 0.322917 0.562500 0.114583
AACGTGC 0.379310 0.000000 0.310345 0.310345
ACCGAAT 0.188976 0.622047 0.188976 0.000000
GTGAACA 0.000000 0.070175 0.801170 0.128655
ATCATCC 0.351485 0.000000 0.193069 0.455446
GTCAGTG 0.652632 0.126316 0.000000 0.221053
ATGATAT 0.225806 0.483871 0.290323 0.000000
GGCAAGT 0.500000 0.433333 0.066667 0.000000
ACTGGGA 0.000000 0.128205 0.333333 0.538462
TCGATGT 0.276596 0.553191 0.170213 0.000000
GCTGTCA 0.000000 0.104072 0.751131 0.144796
AGCCATG 0.453416 0.329193 0.000000 0.217391
CCAGCAC 0.057143 0.000000 0.200000 0.742857
GCACTAT 0.225000 0.454167 0.320833 0.000000
AAGGCCA 0.000000 0.173077 0.471154 0.355769
ACGTAAA 0.000000 0.213483 0.696629 0.089888
CTTTATC 0.187500 0.000000 0.265625 0.546875
CACATAC 0.171756 0.000000 0.146947 0.681298
CCATCAG 0.692402 0.102941 0.000000 0.204657
ACCATAA 0.000000 0.290123 0.422840 0.287037
CATAGAG 0.559055 0.086614 0.000000 0.354331
TCAGTCG 0.726937 0.140221 0.000000 0.132841
CTGCTCG 0.776675 0.096774 0.000000 0.126551
GCAGTAC 0.170732 0.000000 0.195122 0.634146
GACGGAC 0.157658 0.000000 0.274775 0.567568
ATCAAGG 0.454545 0.397727 0.000000 0.147727
CTACTGA 0.000000 0.149123 0.649123 0.201754
TAGCTCG 0.749545 0.147541 0.000000 0.102914
TGCAAAC 0.318841 0.000000 0.130435 0.550725
ACAGAAT 0.089286 0.660714 0.250000 0.000000
GTTCAAC 0.350000 0.000000 0.225000 0.425000
ACGTTCG 0.837209 0.046512 0.000000 0.116279
CGGATCA 0.000000 0.221429 0.642857 0.135714
CGACATC 0.166667 0.000000 0.349462 0.483871
CCATAAT 0.251012 0.542510 0.206478 0.000000
CATGCCG 0.630522 0.180723 0.000000 0.188755
AAGTGTA 0.000000 0.082192 0.680365 0.237443
TTAGTTT 0.155172 0.482759 0.362069 0.000000
CGAGCGA 0.000000 0.128686 0.439678 0.431635
GATGTCG 0.673077 0.153846 0.000000 0.173077
TCGAACC 0.284024 0.000000 0.079882 0.636095
TAGCGCA 0.000000 0.252336 0.542056 0.205607
ACGTGCA 0.000000 0.045045 0.828829 0.126126
GCTCTAG 0.512821 0.307692 0.000000 0.179487
AACATAG 0.675462 0.073879 0.000000 0.250660
GGCAATT 0.183333 0.708333 0.108333 0.000000
CATCTGC 0.219048 0.000000 0.323810 0.457143
GAGTCGT 0.284861 0.492032 0.223108 0.000000
CATATCA 0.000000 0.120805 0.754288 0.124907
GTCTGAT 0.167883 0.484185 0.347932 0.000000
TGACTAA 0.000000 0.300000 0.533333 0.166667
TGCTATC 0.117415 0.000000 0.099291 0.783294
TAGAGGT 0.263158 0.552632 0.184211 0.000000
CTGTCAC 0.337662 0.000000 0.162338 0.500000
AGACATG 0.625430 0.199313 0.000000 0.175258
CGCGCTA 0.000000 0.300000 0.480000 0.220000
GAACGAT 0.238095 0.523810 0.238095 0.000000
CACAGGG 0.551724 0.241379 0.000000 0.206897
GCGCTTG 0.457547 0.226415 0.000000 0.316038
GACCTAC 0.246154 0.000000 0.261538 0.492308
AGAACCT 0.112360 0.786517 0.101124 0.000000
AACAGAA 0.000000 0.204082 0.500000 0.295918
TAAGGCG 0.521212 0.296970 0.000000 0.181818
TCAGGCA 0.000000 0.283333 0.566667 0.150000
GTCCAGC 0.104167 0.000000 0.145833 0.750000
CATCGTT 0.183946 0.414716 0.401338 0.000000
TGGGCCT 0.238971 0.511029 0.250000 0.000000
AAGGGCC 0.164835 0.000000 0.043956 0.791209
GTGCATC 0.209016 0.000000 0.286885 0.504098
AGTGTCA 0.000000 0.152174 0.305293 0.542533
GTCAACA 0.000000 0.125000 0.821429 0.053571
ATCATAT 0.268559 0.393013 0.338428 0.000000
ACGCGAC 0.235294 0.000000 0.176471 0.588235
AGATGAA 0.000000 0.076923 0.461538 0.461538
CCGAGCG 0.533333 0.111111 0.000000 0.355556
ATGCCAT 0.436548 0.459391 0.104061 0.000000
CGTCTAC 0.390805 0.000000 0.264368 0.344828
CACTAAC 0.212389 0.000000 0.159292 0.628319
TCATCAT 0.218370 0.531022 0.250608 0.000000
TATAGAT 0.148148 0.564815 0.287037 0.000000
TTAGCAG 0.540541 0.182432 0.000000 0.277027
CGCGACT 0.047619 0.761905 0.190476 0.000000
TGTCAGC 0.235714 0.000000 0.150000 0.614286
GCCCTGG 0.368627 0.482353 0.000000 0.149020
ATGTCAG 0.695652 0.260870 0.000000 0.043478
AACCAAT 0.225000 0.725000 0.050000 0.000000
TACAATC 0.204545 0.000000 0.113636 0.681818
TTTGTTG 0.326797 0.261438 0.000000 0.411765
GTATGAT 0.172414 0.482759 0.344828 0.000000
CTGATGC 0.336538 0.000000 0.326923 0.336538
TCGTAGT 0.666667 0.262626 0.070707 0.000000
ACGGATG 0.814815 0.111111 0.000000 0.074074
AACGAAC 0.400000 0.000000 0.109524 0.490476
TGATATC 0.476190 0.000000 0.190476 0.333333
TCGCCGT 0.084615 0.730769 0.184615 0.000000
ACCCTCT 0.237885 0.563877 0.198238 0.000000
AACTAAG 0.563636 0.066667 0.000000 0.369697
CAGTGAT 0.263736 0.532967 0.203297 0.000000
GCGCGTA 0.000000 0.094737 0.821053 0.084211
GACTCGT 0.282689 0.477440 0.239871 0.000000
GATATGT 0.205357 0.571429 0.223214 0.000000
CGCCTGC 0.293160 0.000000 0.214984 0.491857
ATATACC 0.213904 0.000000 0.117647 0.668449
ACTGGCG 0.466667 0.160000 0.000000 0.373333
CTCAGGT 0.218182 0.609091 0.172727 0.000000
CTACAAA 0.000000 0.301075 0.569892 0.129032
ACAACTC 0.564477 0.000000 0.194647 0.240876
CGTGATA 0.000000 0.010753 0.946237 0.043011
AGTCGAA 0.000000 0.142857 0.476190 0.380952
TGTCATC 0.178218 0.000000 0.173267 0.648515
TCGACAG 0.718657 0.110069 0.000000 0.171273
AAAGCCA 0.000000 0.304348 0.304348 0.391304
TAGAGTT 0.080000 0.760000 0.160000 0.000000
GGTAATG 0.526316 0.315789 0.000000 0.157895
CACAGTG 0.666667 0.148148 0.000000 0.185185
CGTTCGT 0.116279 0.604651 0.279070 0.000000
GATCTCA 0.000000 0.277174 0.467391 0.255435
GTTGGAC 0.271429 0.000000 0.085714 0.642857
CTACTCG 0.571429 0.081633 0.000000 0.346939
ATGATGG 0.615385 0.153846 0.000000 0.230769
ATGTGCT 0.165829 0.763819 0.070352 0.000000
GACCGGG 0.414634 0.341463 0.000000 0.243902
TGTGCGA 0.000000 0.196507 0.703057 0.100437
TCACTCA 0.000000 0.232884 0.518672 0.248444
ACATTCG 0.701299 0.142857 0.000000 0.155844
CGATGTG 0.601124 0.234551 0.000000 0.164326
AGGCGTA 0.000000 0.285714 0.571429 0.142857
ACCTGCA 0.000000 0.532609 0.228261 0.239130
CGAATCA 0.000000 0.138686 0.795620 0.065693
GTGGACT 0.135870 0.842391 0.021739 0.000000
GGTCCCC 0.321608 0.000000 0.427136 0.251256
CATTACA 0.000000 0.159091 0.734848 0.106061
ATCGCAC 0.227586 0.000000 0.172414 0.600000
AGGCAAG 0.550000 0.197059 0.000000 0.252941
CTACGCA 0.000000 0.158491 0.554717 0.286792
GCGCGCG 0.642202 0.201835 0.000000 0.155963
TTCCCAA 0.000000 0.223602 0.614907 0.161491
ATCTCAG 0.535714 0.157738 0.000000 0.306548
CTCTCAC 0.406557 0.000000 0.203279 0.390164
ACATGCA 0.000000 0.289809 0.544586 0.165605
CTCGTAG 0.690476 0.094567 0.000000 0.214956
TCGTCTG 0.531955 0.248120 0.000000 0.219925
TATATAC 0.370000 0.000000 0.270000 0.360000
TTCTTCG 0.400000 0.238095 0.000000 0.361905
TCCGTAA 0.000000 0.375000 0.394231 0.230769
CGTGACG 0.488095 0.202381 0.000000 0.309524
CGACTGC 0.309091 0.000000 0.187879 0.503030
CTAAGGT 0.231884 0.362319 0.405797 0.000000
GGCCTCA 0.000000 0.139405 0.713755 0.146840
CTATCAC 0.263158 0.000000 0.157895 0.578947
CAGGCGA 0.000000 0.104651 0.627907 0.267442
CCTCAGG 0.607759 0.189655 0.000000 0.202586
TGTGCTA 0.000000 0.239247 0.629032 0.131720
TAGATTC 0.129870 0.000000 0.220779 0.649351
ACTCAAA 0.000000 0.105263 0.473684 0.421053
CCCCCTG 0.475728 0.325243 0.000000 0.199029
GCGACGA 0.000000 0.133737 0.549731 0.316532
GACGACG 0.639628 0.148936 0.000000 0.211436
GTGTGTG 0.504651 0.209302 0.000000 0.286047
AGGCGCG 0.682927 0.097561 0.000000 0.219512
GCCGACA 0.000000 0.154721 0.550057 0.295222
TGAGCCT 0.142857 0.678571 0.178571 0.000000
TCCGCGC 0.268182 0.000000 0.236364 0.495455
CTGCTAA 0.000000 0.252874 0.241379 0.505747
GTGATCA 0.000000 0.338843 0.314050 0.347107
ACCGTAT 0.135135 0.378378 0.486486 0.000000
GTACATC 0.185185 0.000000 0.382716 0.432099
GCCCAAG 0.463333 0.193333 0.000000 0.343333
CGCTACA 0.000000 0.162939 0.552716 0.284345
TAACGCA 0.000000 0.185841 0.707965 0.106195
ATACCAT 0.397482 0.377698 0.224820 0.000000
ACTCTCG 0.659033 0.113232 0.000000 0.227735
CGTCGTG 0.487719 0.161404 0.000000 0.350877
GATGCGC 0.207447 0.000000 0.409574 0.382979
ACGCATA 0.000000 0.178571 0.660714 0.160714
ATGTAGG 0.584270 0.191011 0.000000 0.224719
GATTCGG 0.616162 0.272727 0.000000 0.111111
CTGTAGC 0.220033 0.000000 0.259442 0.520525
CCCGGGT 0.254438 0.331361 0.414201 0.000000
ATAGCAC 0.294118 0.000000 0.117647 0.588235
CTCATGC 0.284091 0.000000 0.397727 0.318182
GCAGACA 0.000000 0.106061 0.706061 0.187879
TGCATAC 0.091549 0.000000 0.366197 0.542254
TAGTAGC 0.212245 0.000000 0.167347 0.620408
AACGGAT 0.167630 0.485549 0.346821 0.000000
TGTAGAG 0.762215 0.097720 0.000000 0.140065
ATATCAG 0.718033 0.127869 0.000000 0.154098
ATTAGAA 0.000000 0.160000 0.660000 0.180000
GGGACAG 0.396825 0.253968 0.000000 0.349206
ATTCTTT 0.166667 0.642857 0.190476 0.000000
CTAGTAG 0.739130 0.108696 0.000000 0.152174
CATCGCC 0.195652 0.000000 0.086957 0.717391
TAGACCA 0.000000 0.212707 0.430939 0.356354
CCGGTGC 0.152174 0.000000 0.391304 0.456522
ATGCAGT 0.189189 0.675676 0.135135 0.000000
GTCAGAG 0.504274 0.242165 0.000000 0.253561
AGACGGA 0.000000 0.250000 0.227273 0.522727
GGACTCA 0.000000 0.285714 0.500000 0.214286
ACAGATG 0.524272 0.255663 0.000000 0.220065
TTAGAGG 0.405063 0.126582 0.000000 0.468354
GAGGTTA 0.000000 0.095745 0.648936 0.255319
ATGAGTA 0.000000 0.253521 0.676056 0.070423
CATGTCT 0.175097 0.785992 0.038911 0.000000
GTAGGGC 0.259740 0.000000 0.220779 0.519481
TTCGTAT 0.208955 0.477612 0.313433 0.000000
GAACGTG 0.532895 0.184211 0.000000 0.282895
GCACGTA 0.000000 0.100000 0.827778 0.072222
CGAACGT 0.171371 0.690860 0.137769 0.000000
GCTATCT 0.123779 0.754072 0.122150 0.000000
GTCGCCG 0.723214 0.147321 0.000000 0.129464
AGTTCGA 0.000000 0.109813 0.609813 0.280374
TGTGACT 0.207831 0.650000 0.142169 0.000000
GATACAG 0.741088 0.142589 0.000000 0.116323
TGTGGTC 0.102326 0.000000 0.218605 0.679070
CGTGTGA 0.000000 0.080000 0.600000 0.320000
CTGTATC 0.158333 0.000000 0.108333 0.733333
GTAGCTA 0.000000 0.052980 0.867550 0.079470
ACGCACG 0.421348 0.275281 0.000000 0.303371
TAGAAAC 0.236842 0.000000 0.210526 0.552632
CTCATTC 0.128205 0.000000 0.166667 0.705128
TCTCAGT 0.100484 0.755448 0.144068 0.000000
TCAACAG 0.648649 0.108108 0.000000 0.243243
AGGACGA 0.000000 0.093023 0.767442 0.139535
GTCGACT 0.067036 0.842558 0.090406 0.000000
CAAAACA 0.000000 0.185185 0.611111 0.203704
GGCGTAA 0.000000 0.410853 0.422481 0.166667
TCTAGTA 0.000000 0.362832 0.566372 0.070796
ACGTCTC 0.200000 0.000000 0.321429 0.478571
GTGTACA 0.000000 0.254019 0.533762 0.212219
CCAGGGT 0.300000 0.467857 0.232143 0.000000
GTCTGTG 0.620991 0.225219 0.000000 0.153790
ATCAGGA 0.000000 0.365854 0.170732 0.463415
GTCATCA 0.000000 0.368421 0.398496 0.233083
CTTTGCC 0.248821 0.000000 0.137972 0.613208
CGTCACA 0.000000 0.265918 0.516854 0.217228
AGACGTA 0.000000 0.251462 0.467836 0.280702
AGTATCT 0.200000 0.644444 0.155556 0.000000
CGGGGAC 0.208333 0.000000 0.083333 0.708333
GTAGACT 0.066265 0.867470 0.066265 0.000000
GAGTCCC 0.258687 0.000000 0.405405 0.335907
GATGCTC 0.200000 0.000000 0.085106 0.714894
CGGTGAG 0.361702 0.170213 0.000000 0.468085
GGCGCGC 0.212121 0.000000 0.242424 0.545455
CTGAGCC 0.149660 0.000000 0.149660 0.700680
ACTAGTT 0.197479 0.684874 0.117647 0.000000
AGACAAG 0.522727 0.215909 0.000000 0.261364
ATGTATG 0.462500 0.387500 0.000000 0.150000
CGCGCAA 0.000000 0.074074 0.638889 0.287037
GGCTCGG 0.274775 0.518018 0.000000 0.207207
GTGACGT 0.109589 0.561644 0.328767 0.000000
AAACAGG 0.479730 0.209459 0.000000 0.310811
CCCCTGT 0.533654 0.240385 0.225962 0.000000
ACACAGA 0.000000 0.318182 0.393939 0.287879
TAGTATC 0.135135 0.000000 0.243243 0.621622
TCATCTG 0.698238 0.183921 0.000000 0.117841
CATCGAT 0.085714 0.462857 0.451429 0.000000
TATAGTG 0.663366 0.178218 0.000000 0.158416
AACGTAC 0.423913 0.000000 0.222826 0.353261
CAGGCCG 0.693878 0.061224 0.000000 0.244898
CATGGAC 0.190476 0.000000 0.047619 0.761905
TCGATAT 0.337209 0.453488 0.209302 0.000000
AACTTAG 0.680000 0.080000 0.000000 0.240000
TCTAGCG 0.445122 0.268293 0.000000 0.286585
ATCAGTA 0.000000 0.088235 0.838235 0.073529
GCTAGAC 0.165049 0.000000 0.242718 0.592233
GTTACAT 0.179487 0.692308 0.128205 0.000000
GTACTGC 0.158537 0.000000 0.158537 0.682927
TCTCCTG 0.743243 0.114865 0.000000 0.141892
AGACGCG 0.408451 0.183099 0.000000 0.408451
GTATGTG 0.666667 0.206897 0.000000 0.126437
CAGGACT 0.211765 0.658824 0.129412 0.000000
AGTTCTA 0.000000 0.299213 0.527559 0.173228
GCGCTAG 0.528302 0.207547 0.000000 0.264151
GGATAGT 0.128205 0.628205 0.243590 0.000000
CTCAAAC 0.225806 0.000000 0.000000 0.774194
CGGTTCA 0.000000 0.133333 0.666667 0.200000
CAGCTGC 0.144796 0.000000 0.357466 0.497738
CCCCACC 0.311475 0.000000 0.202186 0.486339
TAACTAA 0.000000 0.235772 0.317073 0.447154
GCGAACT 0.057143 0.828571 0.114286 0.000000
TACAAAC 0.359316 0.000000 0.157795 0.482890
TGTCTTC 0.273224 0.000000 0.273224 0.453552
CAGTGTG 0.571429 0.267857 0.000000 0.160714
CCGTGTA 0.000000 0.060976 0.713415 0.225610
GCGAGTC 0.327586 0.000000 0.155172 0.517241
CAGATCA 0.000000 0.100840 0.739496 0.159664
GTGACTT 0.192771 0.654618 0.152610 0.000000
ACACATA 0.000000 0.194757 0.528090 0.277154
CGAGTCT 0.152174 0.782609 0.065217 0.000000
ATATAGG 0.662338 0.077922 0.000000 0.259740
CTATAGC 0.327273 0.000000 0.209091 0.463636
TGGAACA 0.000000 0.250000 0.671875 0.078125
ATACCGG 0.650000 0.100000 0.000000 0.250000
CCGTAAG 0.352381 0.409524 0.000000 0.238095
TGCAGTG 0.550000 0.316667 0.000000 0.133333
GTTCGTG 0.454545 0.272727 0.000000 0.272727
GCGCGAA 0.000000 0.209302 0.418605 0.372093
AGTAGAC 0.170455 0.000000 0.102273 0.727273
GTGGTCT 0.267409 0.540390 0.192201 0.000000
ACATCGC 0.205128 0.000000 0.185897 0.608974
TGTACGT 0.234694 0.556122 0.209184 0.000000
CGCGGAC 0.194444 0.000000 0.138889 0.666667
GATATCC 0.208333 0.000000 0.358333 0.433333
ACAGTGG 0.785714 0.071429 0.000000 0.142857
ACCGGGA 0.000000 0.240385 0.317308 0.442308
ATACAGT 0.240000 0.642000 0.118000 0.000000
CGCTGAG 0.475877 0.197368 0.000000 0.326754
CGTACTG 0.274336 0.433628 0.000000 0.292035
TTCCATA 0.000000 0.171717 0.616162 0.212121
CACTGGG 0.459016 0.295082 0.000000 0.245902
ACGCTGA 0.000000 0.112903 0.790323 0.096774
TGTTACA 0.000000 0.354545 0.309091 0.336364
GTCACGT 0.128571 0.514286 0.357143 0.000000
ATAGAGC 0.153846 0.000000 0.179487 0.666667
AAACATG 0.554217 0.228916 0.000000 0.216867
CCCCTTT 0.364706 0.282353 0.352941 0.000000
GATAAGG 0.475862 0.213793 0.000000 0.310345
GCTAAGA 0.000000 0.133333 0.371429 0.495238
GGACCTT 0.189474 0.470175 0.340351 0.000000
CCGGGCC 0.098039 0.000000 0.196078 0.705882
ACTCCGC 0.140000 0.000000 0.200000 0.660000
CGTGTCG 0.714286 0.126984 0.000000 0.158730
GTCTACA 0.000000 0.149351 0.538961 0.311688
GACACTG 0.551724 0.275862 0.000000 0.172414
CAAGGGC 0.254237 0.000000 0.305085 0.440678
CTAAAAC 0.166667 0.000000 0.275000 0.558333
ATTCTCC 0.338983 0.000000 0.033898 0.627119
TTCGTGG 0.787879 0.121212 0.000000 0.090909
GCAAGGC 0.320225 0.000000 0.185393 0.494382
AGGACCG 0.657277 0.129108 0.000000 0.213615
CCCTTTG 0.679325 0.202532 0.000000 0.118143
CATCTAC 0.195652 0.000000 0.221014 0.583333
ATCGATC 0.162264 0.000000 0.298113 0.539623
GACGTCG 0.459016 0.196721 0.000000 0.344262
ATTCAGG 0.571429 0.200000 0.000000 0.228571
GTATACA 0.000000 0.157439 0.502595 0.339965
AATAGTC 0.357143 0.000000 0.214286 0.428571
CACGACT 0.055556 0.844444 0.100000 0.000000
CGACGAT 0.137255 0.740196 0.122549 0.000000
GGGATAT 0.491228 0.228070 0.280702 0.000000
TCGTCAG 0.669355 0.133065 0.000000 0.197581
GCCAACT 0.194915 0.745763 0.059322 0.000000
GAGATGT 0.211144 0.577713 0.211144 0.000000
CACTGTG 0.426966 0.224719 0.000000 0.348315
GCTGCAT 0.144357 0.569554 0.286089 0.000000
GTGCGAT 0.159091 0.500000 0.340909 0.000000
AGCACTA 0.000000 0.402597 0.376623 0.220779
ACAGGGA 0.000000 0.366013 0.150327 0.483660
AATACCG 0.846154 0.076923 0.000000 0.076923
CGGGATA 0.000000 0.194444 0.712963 0.092593
GCAGTCA 0.000000 0.198953 0.614311 0.186736
CATTCGT 0.226415 0.584906 0.188679 0.000000
CTGATAC 0.308036 0.000000 0.102679 0.589286
AGGCGAA 0.000000 0.272727 0.500000 0.227273
ATATATG 0.678302 0.216038 0.000000 0.105660
GAGCTCA 0.000000 0.108434 0.674699 0.216867
TCCCCCC 0.305499 0.000000 0.352342 0.342159
TCGCCAT 0.260870 0.521739 0.217391 0.000000
ATACCTG 0.467153 0.350365 0.000000 0.182482
GTGGGAC 0.160883 0.000000 0.359621 0.479495
CGGACAT 0.247619 0.495238 0.257143 0.000000
GTGTGAG 0.378378 0.054054 0.000000 0.567568
CAGACGT 0.172727 0.600000 0.227273 0.000000
GACTCAT 0.237805 0.545122 0.217073 0.000000
GATATAT 0.322917 0.220833 0.456250 0.000000
TGCTGAT 0.226667 0.680000 0.093333 0.000000
TGTCGCC 0.116279 0.000000 0.108527 0.775194
CTCAGAT 0.242321 0.549488 0.208191 0.000000
TCATACC 0.315385 0.000000 0.223077 0.461538
AGCAACT 0.362832 0.548673 0.088496 0.000000
TACAGAT 0.123881 0.688060 0.188060 0.000000
CAGTACA 0.000000 0.375479 0.421456 0.203065
CCTCGGA 0.000000 0.318182 0.318182 0.363636
CACATCA 0.000000 0.148837 0.655814 0.195349
CATGATA 0.000000 0.156028 0.716312 0.127660
TATCATC 0.209302 0.000000 0.209302 0.581395
CGTTCAT 0.523810 0.333333 0.142857 0.000000
TGTGTCT 0.165927 0.684117 0.149956 0.000000
CCGGGAT 0.126374 0.686813 0.186813 0.000000
TTTTAGC 0.173145 0.000000 0.257951 0.568905
ATGATAG 0.735043 0.064103 0.000000 0.200855
TCGTGCT 0.209000 0.659000 0.132000 0.000000
TGCAACA 0.000000 0.348837 0.465116 0.186047
CAAGACT 0.161017 0.754237 0.084746 0.000000
GCACTAG 0.606383 0.170213 0.000000 0.223404
CGATTCA 0.000000 0.243243 0.675676 0.081081
CATACAT 0.093750 0.718750 0.187500 0.000000
TAGATAC 0.267806 0.000000 0.290598 0.441595
TCTCTGT 0.334928 0.486443 0.178628 0.000000
TATGCGA 0.000000 0.071429 0.740260 0.188312
GTCGTCT 0.297521 0.661157 0.041322 0.000000
ACGAATC 0.140000 0.000000 0.420000 0.440000
CCTCTTG 0.409574 0.271277 0.000000 0.319149
TCTGTGC 0.168421 0.000000 0.132456 0.699123
ACAGAAG 0.656028 0.099291 0.000000 0.244681
GATTTTT 0.031250 0.921875 0.046875 0.000000
ATTCATG 0.532164 0.152047 0.000000 0.315789
ACGCAAA 0.000000 0.277778 0.611111 0.111111
TCCTCAG 0.437500 0.187500 0.000000 0.375000
CGTCTCA 0.000000 0.289760 0.459695 0.250545
TCTATAG 0.615385 0.176923 0.000000 0.207692
AGCAGTC 0.190647 0.000000 0.262590 0.546763
GTAGTCT 0.143939 0.757576 0.098485 0.000000
AGAGTCA 0.000000 0.359375 0.437500 0.203125
GAATCAT 0.111111 0.277778 0.611111 0.000000
TGATGAT 0.170213 0.553191 0.276596 0.000000
TTGCTTA 0.000000 0.237960 0.518414 0.243626
AGACTAG 0.665615 0.157729 0.000000 0.176656
CGACTAC 0.319444 0.000000 0.259259 0.421296
CTAAGAT 0.193548 0.612903 0.193548 0.000000
ACACTGA 0.000000 0.140625 0.744792 0.114583
CATTCTT 0.302439 0.370732 0.326829 0.000000
CGCTCGT 0.578947 0.350877 0.070175 0.000000
GACCTCA 0.000000 0.434211 0.381579 0.184211
CGTATGT 0.247696 0.521889 0.230415 0.000000
GCGTCGA 0.000000 0.052288 0.764706 0.183007
GTCTGAG 0.423280 0.206349 0.000000 0.370370
GTGCTAC 0.298137 0.000000 0.180124 0.521739
TCGTTCC 0.361386 0.000000 0.178218 0.460396
TGTCGAT 0.132530 0.469880 0.397590 0.000000
ATGTGTA 0.000000 0.185804 0.636743 0.177453
ACGCGCA 0.000000 0.108974 0.732906 0.158120
AAACGGA 0.000000 0.260000 0.250000 0.490000
GACATGT 0.232558 0.451163 0.316279 0.000000
ATCGTGC 0.380000 0.000000 0.210000 0.410000
CATCGTG 0.526427 0.234672 0.000000 0.238901
CTGTAAC 0.445652 0.000000 0.043478 0.510870
ATCATAG 0.607143 0.142857 0.000000 0.250000
AGCGCGT 0.178273 0.576602 0.245125 0.000000
CTCATAC 0.270833 0.000000 0.302083 0.427083
TGCCATC 0.296875 0.000000 0.312500 0.390625
CTTAGAG 0.860656 0.024590 0.000000 0.114754
CAGGCAA 0.000000 0.207692 0.530769 0.261538
TCATCAG 0.482759 0.206897 0.000000 0.310345
ACGTCAC 0.165236 0.000000 0.523605 0.311159
CGCGACG 0.720930 0.139535 0.000000 0.139535
GAGACAG 0.609524 0.080952 0.000000 0.309524
ACCAATC 0.224490 0.000000 0.183673 0.591837
GCGACAA 0.000000 0.190476 0.595238 0.214286
AACCGTA 0.000000 0.150000 0.583333 0.266667
ACAGGCG 0.558140 0.139535 0.000000 0.302326
CGACGGG 0.710526 0.210526 0.000000 0.078947
GTACGAT 0.112033 0.713693 0.174274 0.000000
GGGATGG 0.702703 0.243243 0.000000 0.054054
TCGCAGT 0.118644 0.779661 0.101695 0.000000
AGACGAA 0.000000 0.195402 0.568966 0.235632
TGACATC 0.163636 0.000000 0.145455 0.690909
GCTGCGG 0.500000 0.121951 0.000000 0.378049
CGATCGT 0.244444 0.600000 0.155556 0.000000
GAACTCA 0.000000 0.207885 0.494624 0.297491
CTTCGTT 0.270833 0.281250 0.447917 0.000000
ATGGAAC 0.164062 0.000000 0.273438 0.562500
TCGAGTA 0.000000 0.161994 0.688474 0.149533
CGAACAT 0.233553 0.528509 0.237939 0.000000
ACTAGAT 0.032258 0.967742 0.000000 0.000000
GTATGAG 0.444444 0.144444 0.000000 0.411111
GTGGATA 0.000000 0.169014 0.788732 0.042254
AGTTCAA 0.000000 0.257143 0.528571 0.214286
TCGTAGG 0.689189 0.108108 0.000000 0.202703
TGAGCGA 0.000000 0.203549 0.344468 0.451983
CAAACGT 0.097166 0.712551 0.190283 0.000000
GGATACC 0.230769 0.000000 0.153846 0.615385
AATTCGA 0.000000 0.217033 0.524725 0.258242
TTCCTTA 0.000000 0.287805 0.497561 0.214634
GCTGAGT 0.186047 0.666667 0.147287 0.000000
GTGTCGT 0.168675 0.734940 0.096386 0.000000
ACCCTCG 0.700000 0.133333 0.000000 0.166667
CGCCGTG 0.793103 0.103448 0.000000 0.103448
CAGTGAG 0.631579 0.070175 0.000000 0.298246
CCGTGAA 0.000000 0.342105 0.368421 0.289474
CAACAAC 0.181495 0.000000 0.227758 0.590747
ATAGTGC 0.417431 0.000000 0.194954 0.387615
CAATACA 0.000000 0.232000 0.192000 0.576000
ACTTTGC 0.169231 0.000000 0.425641 0.405128
GCCTCGA 0.000000 0.081633 0.744898 0.173469
GATATGG 0.554945 0.247253 0.000000 0.197802
AGGACAA 0.000000 0.147059 0.576471 0.276471
GCTATGA 0.000000 0.191781 0.643836 0.164384
TATATCA 0.000000 0.220000 0.520000 0.260000
GAGTCTG 0.458333 0.312500 0.000000 0.229167
AAGACGA 0.000000 0.164274 0.557416 0.278309
GTCTTCA 0.000000 0.185185 0.555556 0.259259
TCATGCT 0.158163 0.632653 0.209184 0.000000
AGTGCGG 0.380952 0.238095 0.000000 0.380952
ACACTCG 0.707071 0.111111 0.000000 0.181818
CAGCGAT 0.119048 0.547619 0.333333 0.000000
TAGAGTG 0.589286 0.160714 0.000000 0.250000
GACTAGT 0.195402 0.666667 0.137931 0.000000
GTCGAGA 0.000000 0.190141 0.654930 0.154930
CGAGACG 0.644444 0.088889 0.000000 0.266667
GACCCGT 0.168776 0.582278 0.248945 0.000000
ATGTGCG 0.423469 0.316327 0.000000 0.260204
AAACGTA 0.000000 0.173352 0.654728 0.171920
CGTACAG 0.857143 0.063492 0.000000 0.079365
ATCGTTC 0.129310 0.000000 0.448276 0.422414
AACTCCT 0.381579 0.184211 0.434211 0.000000
CAGGGAC 0.333333 0.000000 0.075000 0.591667
ATATGGA 0.000000 0.107143 0.635714 0.257143
TCGGATC 0.214286 0.000000 0.285714 0.500000
ATCGCCA 0.000000 0.111111 0.611111 0.277778
CATACGG 0.207547 0.283019 0.000000 0.509434
AGTGAGT 0.348837 0.488372 0.162791 0.000000
TCGAGCG 0.614786 0.120623 0.000000 0.264591
CACGTCT 0.220339 0.655367 0.124294 0.000000
GACGCGC 0.266667 0.000000 0.293939 0.439394
TGAGCTA 0.000000 0.087838 0.700450 0.211712
TCGTATG 0.570175 0.289474 0.000000 0.140351
GTGACAT 0.166667 0.642857 0.190476 0.000000
TCTCGCT 0.108844 0.761905 0.129252 0.000000
AAACAAG 0.226415 0.396226 0.000000 0.377358
GCGTGTC 0.129944 0.000000 0.186441 0.683616
GCCATCT 0.166667 0.666667 0.166667 0.000000
TCGCCTG 0.365591 0.451613 0.000000 0.182796
AGTATGA 0.000000 0.133136 0.698225 0.168639
TGCGACT 0.156627 0.759036 0.084337 0.000000
GACACAG 0.352941 0.431373 0.000000 0.215686
ACTATAC 0.566265 0.000000 0.156627 0.277108
TGCAGAG 0.711628 0.158140 0.000000 0.130233
GTTCGAG 0.320388 0.446602 0.000000 0.233010
TTTGCCT 0.249330 0.522788 0.227882 0.000000
TGCTGTG 0.529412 0.258824 0.000000 0.211765
ATATTTG 0.467742 0.161290 0.000000 0.370968
CGACGTG 0.505814 0.230620 0.000000 0.263566
ATTCGGA 0.000000 0.556962 0.291139 0.151899
AAGACTA 0.000000 0.172414 0.613793 0.213793
CGTGCTC 0.183908 0.000000 0.103448 0.712644
ATCGAAC 0.231602 0.000000 0.323232 0.445166
GATAGGA 0.000000 0.500000 0.227273 0.272727
GGGCAGT 0.261062 0.420354 0.318584 0.000000
ATAAGAA 0.000000 0.122449 0.673469 0.204082
TGCCGTT 0.243590 0.551282 0.205128 0.000000
TAGTGAT 0.073171 0.560976 0.365854 0.000000
GTCTCGT 0.267658 0.308550 0.423792 0.000000
GAATAGT 0.312500 0.510417 0.177083 0.000000
GGACCAT 0.326087 0.619565 0.054348 0.000000
AGCTCGA 0.000000 0.135678 0.683417 0.180905
GTGTCTT 0.224599 0.518717 0.256684 0.000000
CGTAGCT 0.290566 0.594340 0.115094 0.000000
GAACCGT 0.064103 0.730769 0.205128 0.000000
CGCGTGA 0.000000 0.017241 0.844828 0.137931
CTGCAGC 0.314516 0.000000 0.169355 0.516129
GACTCTG 0.602941 0.139706 0.000000 0.257353
ACCGTAG 0.627572 0.119342 0.000000 0.253086
ATCCGCT 0.409449 0.330709 0.259843 0.000000
GGCATGG 0.655172 0.275862 0.000000 0.068966
TAGCAGC 0.309392 0.000000 0.295580 0.395028
TGCATCA 0.000000 0.115226 0.761317 0.123457
TGTGATA 0.000000 0.068182 0.886364 0.045455
GTTCTCA 0.000000 0.139394 0.490909 0.369697
CTCAGTG 0.749383 0.146914 0.000000 0.103704
ATACCAG 0.500000 0.267717 0.000000 0.232283
ACCATGC 0.439560 0.000000 0.153846 0.406593
TACAGTG 0.617486 0.081967 0.000000 0.300546
AGTGCTG 0.570552 0.116564 0.000000 0.312883
AGATCGA 0.000000 0.139918 0.514403 0.345679
TGAGACT 0.314286 0.542857 0.142857 0.000000
GATCAGT 0.222798 0.634715 0.142487 0.000000
ACGATTC 0.158537 0.000000 0.134146 0.707317
ACATCAC 0.511628 0.000000 0.116279 0.372093
GAAACAG 0.476190 0.285714 0.000000 0.238095
AAGACCG 0.738095 0.135714 0.000000 0.126190
AATAGAC 0.156250 0.000000 0.125000 0.718750
GCAACAA 0.000000 0.151515 0.757576 0.090909
GTCGATA 0.000000 0.040268 0.932886 0.026846
ACAGTAG 0.589041 0.082192 0.000000 0.328767
GCATCTA 0.000000 0.247525 0.590759 0.161716
ATACAAT 0.428571 0.428571 0.142857 0.000000
TGATGTG 0.573347 0.179752 0.000000 0.246901
GATAGTA 0.000000 0.197495 0.638728 0.163776
TCACAGT 0.204082 0.612245 0.183673 0.000000
TGAATCA 0.000000 0.162162 0.682432 0.155405
ATATGTA 0.000000 0.324895 0.556962 0.118143
CACTGAG 0.456410 0.123077 0.000000 0.420513
CCTACTA 0.000000 0.252841 0.514205 0.232955
GCCTACT 0.151786 0.651786 0.196429 0.000000
GTCACAT 0.140496 0.694215 0.165289 0.000000
GTACGGG 0.691176 0.132353 0.000000 0.176471
TCAGAGC 0.224409 0.000000 0.224409 0.551181
AGCTCTA 0.000000 0.290780 0.588652 0.120567
ATATAAG 0.483193 0.273109 0.000000 0.243697
GTAGATA 0.000000 0.120690 0.672414 0.206897
TCATAGG 0.402299 0.218391 0.000000 0.379310
CATGTCG 0.602837 0.163121 0.000000 0.234043
GTATCGT 0.400000 0.315789 0.284211 0.000000
TTCGTAG 0.531250 0.093750 0.000000 0.375000
CCATGAA 0.000000 0.307407 0.322222 0.370370
GCAAGAC 0.180495 0.000000 0.184134 0.635371
ATTCGTA 0.000000 0.372093 0.418605 0.209302
TGTGACG 0.418994 0.201117 0.000000 0.379888
CAGTCGT 0.108434 0.602410 0.289157 0.000000
CTGGCGA 0.000000 0.114754 0.459016 0.426230
ATACGCT 0.177215 0.721519 0.101266 0.000000
ATTCAAG 0.619048 0.200000 0.000000 0.180952
TCTCAGG 0.493392 0.118943 0.000000 0.387665
AGCAGAC 0.121212 0.000000 0.272727 0.606061
GTCGACG 0.500000 0.189655 0.000000 0.310345
TGCACGT 0.279863 0.378840 0.341297 0.000000
AACAGGC 0.280000 0.000000 0.173333 0.546667
GACATCC 0.268657 0.000000 0.119403 0.611940
GATGATC 0.114583 0.000000 0.135417 0.750000
CGCACTG 0.764706 0.110294 0.000000 0.125000
ATATGCG 0.633929 0.214286 0.000000 0.151786
GGGGATC 0.531429 0.000000 0.142857 0.325714
CTGTTAC 0.104478 0.000000 0.164179 0.731343
AATAAGA 0.000000 0.341176 0.235294 0.423529
TCAGATC 0.131579 0.000000 0.140351 0.728070
AGGGCAT 0.150685 0.616438 0.232877 0.000000
TGTCGTG 0.697446 0.119843 0.000000 0.182711
CAGGATA 0.000000 0.125000 0.732955 0.142045
AAGGCGT 0.067568 0.797297 0.135135 0.000000
TCATATG 0.444444 0.277778 0.000000 0.277778
GTAACAT 0.403670 0.403670 0.192661 0.000000
GTAGACG 0.617647 0.186275 0.000000 0.196078
GCATGTC 0.166667 0.000000 0.375000 0.458333
CGCGTCG 0.711340 0.134021 0.000000 0.154639
GCGAATA 0.000000 0.255556 0.577778 0.166667
ACCATTC 0.186335 0.000000 0.211180 0.602484
TTCATGC 0.250000 0.000000 0.158333 0.591667
CAGACAT 0.228885 0.601914 0.169200 0.000000
ATGCTAT 0.161290 0.677419 0.161290 0.000000
TCGCTGT 0.173077 0.576923 0.250000 0.000000
CTTCGCC 0.219917 0.000000 0.298755 0.481328
AACGTCA 0.000000 0.111111 0.787879 0.101010
TACTGAT 0.216867 0.608434 0.174699 0.000000
AACAACT 0.327913 0.585366 0.086721 0.000000
GAGTTTT 0.234043 0.507092 0.258865 0.000000
GTACGTG 0.543307 0.181102 0.000000 0.275591
ATGCATG 0.579955 0.259009 0.000000 0.161036
CATTCAT 0.311594 0.507246 0.181159 0.000000
CTCAACA 0.000000 0.184211 0.157895 0.657895
TATGTCT 0.102778 0.813889 0.083333 0.000000
TCGATAG 0.749147 0.042662 0.000000 0.208191
AGATACT 0.292969 0.578125 0.128906 0.000000
TAATGAT 0.090909 0.666667 0.242424 0.000000
GACAAGG 0.617284 0.123457 0.000000 0.259259
TGAACGT 0.214286 0.428571 0.357143 0.000000
CAGCGTG 0.590278 0.194444 0.000000 0.215278
GTTACAG 0.565574 0.032787 0.000000 0.401639
AACACCG 0.729730 0.117117 0.000000 0.153153
TGTGTGA 0.000000 0.164179 0.600746 0.235075
CAGGACG 0.555556 0.111111 0.000000 0.333333
CTACAGC 0.271930 0.000000 0.232456 0.495614
GGATAGG 0.741935 0.161290 0.000000 0.096774
ATGTGAA 0.000000 0.146341 0.585366 0.268293
TCGTGGA 0.000000 0.555556 0.259259 0.185185
CGGATGT 0.197368 0.513158 0.289474 0.000000
TTCATTC 0.179487 0.000000 0.325641 0.494872
GGACCGG 0.777778 0.104167 0.000000 0.118056
GTGACTG 0.473684 0.280702 0.000000 0.245614
TAAAACA 0.000000 0.282353 0.364706 0.352941
TCTCATG 0.404110 0.486301 0.000000 0.109589
GTCGTGA 0.000000 0.230769 0.653846 0.115385
GCTCACT 0.119318 0.735795 0.144886 0.000000
AGTAGCA 0.000000 0.099757 0.805353 0.094891
CGAGTCG 0.708487 0.121771 0.000000 0.169742
ATAGGAT 0.150794 0.642857 0.206349 0.000000
ACAATTC 0.169811 0.000000 0.213836 0.616352
CATCTCA 0.000000 0.125000 0.618534 0.256466
AACAGTC 0.120000 0.000000 0.185000 0.695000
GTTCCTT 0.110497 0.519337 0.370166 0.000000
ACAACCA 0.000000 0.103093 0.536082 0.360825
CGCCGAG 0.531915 0.148936 0.000000 0.319149
TCGGTTC 0.147541 0.000000 0.155738 0.696721
AGTGTGT 0.377826 0.332612 0.289562 0.000000
GTCAAGT 0.192308 0.711538 0.096154 0.000000
CCACTGG 0.687500 0.260417 0.000000 0.052083
CACCGGG 0.469136 0.419753 0.000000 0.111111
GGCTATG 0.456897 0.422414 0.000000 0.120690
TGTCACA 0.000000 0.085502 0.617100 0.297398
AGATGTC 0.216216 0.000000 0.121622 0.662162
CACGATA 0.000000 0.116279 0.883721 0.000000
ACACTAA 0.000000 0.295302 0.345638 0.359060
TACCATC 0.254717 0.000000 0.396226 0.349057
TGTACGG 0.540741 0.111111 0.000000 0.348148
CGTATAT 0.346667 0.393333 0.260000 0.000000
GAGTCAG 0.476010 0.222222 0.000000 0.301768
TGCGTCT 0.092166 0.843318 0.064516 0.000000
GCGTCAA 0.000000 0.094595 0.756757 0.148649
CACTCGT 0.312346 0.491358 0.196296 0.000000
CATATGT 0.282609 0.500000 0.217391 0.000000
CTGAGAG 0.429293 0.303030 0.000000 0.267677
TAGAGAG 0.615385 0.061538 0.000000 0.323077
TACGCGA 0.000000 0.090909 0.830579 0.078512
GTCACGG 0.530364 0.299595 0.000000 0.170040
GGATATG 0.391304 0.391304 0.000000 0.217391
AGTCACT 0.081433 0.840391 0.078176 0.000000
TATCGAT 0.116809 0.750712 0.132479 0.000000
GGACCTG 0.505906 0.316929 0.000000 0.177165
GACATAT 0.312312 0.345345 0.342342 0.000000
ATCGTAC 0.578947 0.000000 0.063158 0.357895
AGTCGTC 0.118812 0.000000 0.198020 0.683168
GAGCCAT 0.300885 0.522124 0.176991 0.000000
CTAGCGA 0.000000 0.191011 0.651685 0.157303
TATGGAC 0.111111 0.000000 0.250000 0.638889
AGCGCAT 0.175439 0.549708 0.274854 0.000000
GGACATT 0.017857 0.839286 0.142857 0.000000
GAATACC 0.135135 0.000000 0.189189 0.675676
ACTCAGC 0.277228 0.000000 0.257426 0.465347
GTAGTGA 0.000000 0.177665 0.659898 0.162437
AAGTCGA 0.000000 0.068966 0.551724 0.379310
ACTAACA 0.000000 0.241935 0.403226 0.354839
CGACGAG 0.389816 0.273486 0.000000 0.336699
TAGCTGC 0.428571 0.000000 0.071429 0.500000
CTCGCTA 0.000000 0.117647 0.776471 0.105882
CGCATGT 0.252941 0.535294 0.211765 0.000000
TAGTGTG 0.742537 0.138060 0.000000 0.119403
TCGTGTA 0.000000 0.318584 0.353982 0.327434
CAAGATA 0.000000 0.159091 0.534091 0.306818
AAACGAA 0.000000 0.195122 0.597561 0.207317
TGTTCCC 0.305785 0.000000 0.309917 0.384298
TACGCTA 0.000000 0.115607 0.566474 0.317919
TGAGTCT 0.091912 0.845588 0.062500 0.000000
ACATATC 0.220588 0.000000 0.455882 0.323529
GTGCGAG 0.582278 0.177215 0.000000 0.240506
CATTCGG 0.606061 0.151515 0.000000 0.242424
GTACACA 0.000000 0.227348 0.526359 0.246293
CAAACAT 0.219368 0.463768 0.316864 0.000000
TCAGGTT 0.075893 0.816964 0.107143 0.000000
TACCGGT 0.200000 0.733333 0.066667 0.000000
GTAACGG 0.545455 0.181818 0.000000 0.272727
GATGTGC 0.269900 0.000000 0.199005 0.531095
GCTGAAT 0.483871 0.376344 0.139785 0.000000
GTGTCAT 0.243534 0.489224 0.267241 0.000000
CAGCACA 0.000000 0.243056 0.402778 0.354167
CGGACAG 0.315789 0.315789 0.000000 0.368421
TGCGGAC 0.250000 0.000000 0.157143 0.592857
ATAGTAC 0.288079 0.000000 0.096026 0.615894
GACTCAG 0.621359 0.158576 0.000000 0.220065
CAGACGG 0.485075 0.283582 0.000000 0.231343
CATTAGT 0.192308 0.538462 0.269231 0.000000
TCAGTGC 0.426829 0.000000 0.146341 0.426829
GCCTCAA 0.000000 0.097087 0.834951 0.067961
GATATAG 0.757009 0.060748 0.000000 0.182243
TACGGGC 0.377049 0.000000 0.081967 0.540984
TGTACTG 0.582090 0.223881 0.000000 0.194030
AAGACAA 0.000000 0.346939 0.408163 0.244898
CATCCGT 0.294479 0.567485 0.138037 0.000000
TCGCGCT 0.095238 0.821429 0.083333 0.000000
ATACATG 0.542553 0.234043 0.000000 0.223404
TATGAGA 0.000000 0.187500 0.593750 0.218750
CGACTCA 0.000000 0.189732 0.593750 0.216518
CAGAAGT 0.191304 0.650000 0.158696 0.000000
CTCGCCG 0.659574 0.063830 0.000000 0.276596
ATGCGGA 0.000000 0.111111 0.305556 0.583333
TCGTGCG 0.520833 0.270833 0.000000 0.208333
GCTACGC 0.106383 0.000000 0.106383 0.787234
CAAGACG 0.500000 0.231061 0.000000 0.268939
ATATGAA 0.000000 0.322222 0.366667 0.311111
CATACAG 0.768421 0.105263 0.000000 0.126316
AGTGAAT 0.455446 0.405941 0.138614 0.000000
CCTACAA 0.000000 0.187500 0.562500 0.250000
CGAATGT 0.172118 0.610592 0.217290 0.000000
GCAAACG 0.440678 0.372881 0.000000 0.186441
AATGAGT 0.094488 0.476378 0.429134 0.000000
GTCGTCG 0.589286 0.250000 0.000000 0.160714
ATTAACT 0.209184 0.607143 0.183673 0.000000
TATCTAC 0.319620 0.000000 0.098101 0.582278
ACTCATC 0.276730 0.000000 0.213836 0.509434
AACTCGA 0.000000 0.012658 0.924051 0.063291
TGACGAT 0.129032 0.612903 0.258065 0.000000
GTGATGT 0.509709 0.383495 0.106796 0.000000
TCAGTTC 0.231788 0.000000 0.350993 0.417219
CACGTGA 0.000000 0.109325 0.774920 0.115756
CTCATCA 0.000000 0.262873 0.463415 0.273713
AGTGCAG 0.338235 0.161765 0.000000 0.500000
TCCCAAT 0.251046 0.305439 0.443515 0.000000
TAGCTTC 0.210526 0.000000 0.478469 0.311005
GTAGTCG 0.717105 0.125000 0.000000 0.157895
GCCATGA 0.000000 0.240838 0.528796 0.230366
GCGCCGA 0.000000 0.066667 0.655556 0.277778
TTGTTGC 0.162996 0.000000 0.374449 0.462555
GAATCAG 0.526627 0.195266 0.000000 0.278107
TCCGAAC 0.225806 0.000000 0.193548 0.580645
TGATGAG 0.497674 0.162791 0.000000 0.339535
AGTACGC 0.172509 0.000000 0.156701 0.670790
GTGCTCA 0.000000 0.098901 0.483516 0.417582
CATGCTC 0.175000 0.000000 0.150000 0.675000
GTCTCAT 0.244681 0.400709 0.354610 0.000000
GTTCCCC 0.319298 0.000000 0.347368 0.333333
ACCTGTT 0.282051 0.487179 0.230769 0.000000
GTAGAAA 0.000000 0.145161 0.682796 0.172043
TAGACGT 0.129085 0.772876 0.098039 0.000000
GAACCAT 0.200000 0.633333 0.166667 0.000000
AGTTTTA 0.000000 0.291866 0.459330 0.248804
CTGCAAC 0.596154 0.000000 0.096154 0.307692
TTCAGAT 0.478261 0.304348 0.217391 0.000000
CAGACTG 0.585366 0.146341 0.000000 0.268293
AACACAA 0.000000 0.538462 0.358974 0.102564
ACTGGGC 0.392857 0.000000 0.303571 0.303571
ATTCGAA 0.000000 0.369048 0.482143 0.148810
AGATTCT 0.339623 0.490566 0.169811 0.000000
ACCTTGC 0.105263 0.000000 0.333333 0.561404
GACATGG 0.409091 0.227273 0.000000 0.363636
ACGTAAC 0.381679 0.000000 0.145038 0.473282
TACATCA 0.000000 0.295238 0.509524 0.195238
ACCATAC 0.270073 0.000000 0.145985 0.583942
TGCGAGA 0.000000 0.197080 0.394161 0.408759
CTAGACT 0.142857 0.666667 0.190476 0.000000
TTCGCCT 0.179245 0.726415 0.094340 0.000000
TAAGACT 0.118943 0.766520 0.114537 0.000000
CGATAGT 0.250000 0.510593 0.239407 0.000000
GATGAAC 0.430380 0.000000 0.177215 0.392405
GAATGCT 0.062500 0.812500 0.125000 0.000000
TCATGTA 0.000000 0.270751 0.523057 0.206192
GACAGGA 0.000000 0.299180 0.293374 0.407445
GTAGGCA 0.000000 0.257732 0.484536 0.257732
TGAGAGA 0.000000 0.230263 0.453947 0.315789
CCGAGTC 0.149457 0.000000 0.296196 0.554348
GTGTAGT 0.280534 0.519084 0.200382 0.000000
CGAGCGC 0.255319 0.000000 0.226950 0.517730
CAGGGCA 0.000000 0.078125 0.875000 0.046875
GTCATGT 0.223388 0.503748 0.272864 0.000000
GGATGGA 0.000000 0.285714 0.214286 0.500000
CTCCTTC 0.154639 0.000000 0.422680 0.422680
TGTCTCA 0.000000 0.154762 0.619048 0.226190
ACGTGCC 0.291667 0.000000 0.250000 0.458333
CGCAGCT 0.144914 0.733205 0.121881 0.000000
AGGCCGA 0.000000 0.224299 0.383178 0.392523
GAGTATG 0.703125 0.187500 0.000000 0.109375
CAACACA 0.000000 0.241071 0.571429 0.187500
CGAACAG 0.717527 0.087637 0.000000 0.194836
ACTAGAG 0.690141 0.133803 0.000000 0.176056
GATCGCT 0.181058 0.724234 0.094708 0.000000
TCTCGTA 0.000000 0.228070 0.678363 0.093567
CAAACGG 0.318966 0.416667 0.000000 0.264368
AGAGAGT 0.202532 0.518987 0.278481 0.000000
CAGTCAT 0.352697 0.354772 0.292531 0.000000
TGCGATA 0.000000 0.053942 0.892116 0.053942
TGACTAC 0.296296 0.000000 0.148148 0.555556
CACAATT 0.121212 0.515152 0.363636 0.000000
CGTGAGC 0.275924 0.000000 0.215733 0.508343
TATGACG 0.431373 0.352941 0.000000 0.215686
AAAACAA 0.000000 0.060976 0.487805 0.451220
AGCTGAC 0.340909 0.000000 0.204545 0.454545
AGTACTC 0.173993 0.000000 0.230769 0.595238
TTGTCCA 0.000000 0.445344 0.327935 0.226721
TGCTCGT 0.283186 0.513274 0.203540 0.000000
AGCGCTG 0.545455 0.159091 0.000000 0.295455
TGTATGT 0.104380 0.590511 0.305109 0.000000
GACCAGT 0.145833 0.635417 0.218750 0.000000
AGTCTCT 0.452797 0.376748 0.170455 0.000000
GCTCGAC 0.239737 0.000000 0.165846 0.594417
ACAATAC 0.225806 0.000000 0.204301 0.569892
AACAGAC 0.168950 0.000000 0.189498 0.641553
ATGCGCG 0.659574 0.170213 0.000000 0.170213
TCAGGCC 0.343915 0.000000 0.153439 0.502646
TACACGT 0.114306 0.641655 0.244039 0.000000
GGCGAAC 0.433333 0.000000 0.100000 0.466667
CCTAAGA 0.000000 0.190476 0.619048 0.190476
ATACGGA 0.000000 0.444444 0.388889 0.166667
GACGAGC 0.479261 0.000000 0.286745 0.233995
CTCTACA 0.000000 0.100000 0.776923 0.123077
CACACTG 0.612903 0.282258 0.000000 0.104839
GTTGCAC 0.248322 0.000000 0.372483 0.379195
AGATGAC 0.314286 0.000000 0.085714 0.600000
CGTCAGT 0.202882 0.605322 0.191796 0.000000
GCAGCTG 0.448864 0.193182 0.000000 0.357955
ACTCTGC 0.216561 0.000000 0.191083 0.592357
TATCGTG 0.600000 0.163636 0.000000 0.236364
TCGACCT 0.102740 0.773973 0.123288 0.000000
ACTATCA 0.000000 0.277228 0.425743 0.297030
CGTAGTA 0.000000 0.161765 0.691176 0.147059
GCGGACC 0.149660 0.000000 0.102041 0.748299
GTGACAG 0.511450 0.061069 0.000000 0.427481
TAGGCAA 0.000000 0.311828 0.462366 0.225806
ATCCGTA 0.000000 0.148148 0.623457 0.228395
ACCAGGG 0.400844 0.341772 0.000000 0.257384
TGTAACC 0.164835 0.000000 0.032967 0.802198
GCCATCG 0.714286 0.214286 0.000000 0.071429
GCTGATG 0.803571 0.107143 0.000000 0.089286
TGCACAT 0.145833 0.458333 0.395833 0.000000
ATCGACA 0.000000 0.175439 0.561404 0.263158
CATAAGG 0.310976 0.378049 0.000000 0.310976
TGTATTT 0.128713 0.336634 0.534653 0.000000
GACAGTA 0.000000 0.034014 0.925170 0.040816
TGAGATA 0.000000 0.136986 0.684932 0.178082
GTACTCA 0.000000 0.156028 0.659574 0.184397
GTGAGCT 0.229050 0.605214 0.165736 0.000000
AGCTAGA 0.000000 0.204082 0.326531 0.469388
GGACAAT 0.186916 0.626168 0.186916 0.000000
TCGCATG 0.720648 0.230769 0.000000 0.048583
TGATCGT 0.131707 0.726829 0.141463 0.000000
GAACAGT 0.269912 0.588496 0.141593 0.000000
GCGCGTC 0.255319 0.000000 0.404255 0.340426
GACAAAG 0.590164 0.147541 0.000000 0.262295
