TCTCATA 0.000000 0.792245 0.000000 0.792245 0.207755
TCTGTAT 0.000000 0.921182 0.000000 0.921182 0.078818
ATAGTGA 0.000000 0.537190 0.000000 0.537190 0.462810
TCTCATC 0.000000 0.925905 0.000000 0.925905 0.074095
ATAGTGC 0.000000 0.826241 0.000000 0.826241 0.173759
TCTCATG 0.000000 0.462264 0.000000 0.462264 0.537736
ATAGTGG 0.000000 0.186047 0.000000 0.186047 0.813953
TGTGCAG 0.000000 0.582677 0.000000 0.582677 0.417323
CGCTCGA 0.000000 0.926024 0.000000 0.926024 0.073976
CCGGGTC 0.000000 0.837696 0.000000 0.837696 0.162304
ATAGTGT 0.000000 0.772727 0.000000 0.772727 0.227273
TGTGCAT 0.000000 0.822917 0.000000 0.822917 0.177083
TATAGAC 0.000000 0.526786 0.000000 0.526786 0.473214
CGATATA 0.000000 0.926829 0.000000 0.926829 0.073171
GTCAGCA 0.000000 0.873832 0.000000 0.873832 0.126168
CGATATC 0.000000 0.378378 0.000000 0.378378 0.621622
CGCTCGT 0.000000 0.325000 0.000000 0.325000 0.675000
CGATATG 0.000000 0.390625 0.000000 0.390625 0.609375
AAAATGT 0.000000 0.316364 0.000000 0.316364 0.683636
CTCAGAT 0.000000 0.563063 0.000000 0.563063 0.436937
TATAGAT 0.000000 0.777778 0.000000 0.777778 0.222222
TAACCTA 0.000000 0.318182 0.000000 0.318182 0.681818
CAGCTGA 0.000000 0.876147 0.000000 0.876147 0.123853
CAGCTGC 0.000000 0.796296 0.000000 0.796296 0.203704
GTCAGCT 0.000000 0.764940 0.000000 0.764940 0.235060
TCAGTGA 0.000000 0.422535 0.000000 0.422535 0.577465
TCAGTGC 0.000000 0.606557 0.000000 0.606557 0.393443
CAGCTGG 0.000000 0.979592 0.000000 0.979592 0.020408
AACAGGA 0.000000 0.201183 0.000000 0.201183 0.798817
AACAGGC 0.000000 0.333333 0.000000 0.333333 0.666667
AACAGGG 0.000000 0.977528 0.000000 0.977528 0.022472
CATATCA 0.000000 0.798507 0.000000 0.798507 0.201493
TAGTAGA 0.000000 0.500000 0.000000 0.500000 0.500000
AGATATA 0.000000 0.834711 0.000000 0.834711 0.165289
TAGTAGC 0.000000 0.150235 0.000000 0.150235 0.849765
GCCATCA 0.000000 0.836735 0.000000 0.836735 0.163265
AGATATC 0.000000 0.680851 0.000000 0.680851 0.319149
CCCCCCC 0.000000 0.993027 0.000000 0.993027 0.006973
TGAGCGA 0.000000 0.887608 0.000000 0.887608 0.112392
TCAGTGT 0.000000 0.867014 0.000000 0.867014 0.132986
GCCATCC 0.000000 0.850000 0.000000 0.850000 0.150000
AGATATG 0.000000 0.402299 0.000000 0.402299 0.597701
GCCATCG 0.000000 0.866667 0.000000 0.866667 0.133333
AACAGGT 0.000000 0.280000 0.000000 0.280000 0.720000
ATCGTTC 0.000000 0.307692 0.000000 0.307692 0.692308
CGCACAC 0.000000 0.848837 0.000000 0.848837 0.151163
CCCCCCT 0.000000 0.289910 0.000000 0.289910 0.710090
GCCATCT 0.000000 0.161290 0.000000 0.161290 0.838710
TCCGGGG 0.000000 0.916667 0.000000 0.916667 0.083333
ACCTTGC 0.000000 0.868687 0.000000 0.868687 0.131313
TTTTGAC 0.000000 0.418605 0.000000 0.418605 0.581395
CCGTGTA 0.000000 0.191099 0.000000 0.191099 0.808901
AGCTCGA 0.000000 0.316832 0.000000 0.316832 0.683168
CGACGTA 0.000000 0.560694 0.000000 0.560694 0.439306
CATGGAA 0.000000 0.857143 0.000000 0.857143 0.142857
CTGCTAA 0.000000 0.860759 0.000000 0.860759 0.139241
AGCTCGC 0.000000 0.712329 0.000000 0.712329 0.287671
CGACGTC 0.000000 0.901709 0.000000 0.901709 0.098291
CATGGAC 0.000000 0.736842 0.000000 0.736842 0.263158
GTGCTCA 0.000000 0.813333 0.000000 0.813333 0.186667
AGCACAG 0.000000 0.685407 0.000000 0.685407 0.314593
CGACGTG 0.000000 0.911255 0.000000 0.911255 0.088745
ATCAGAC 0.000000 0.844749 0.000000 0.844749 0.155251
GTGCTCG 0.000000 0.269531 0.000000 0.269531 0.730469
TATTTTG 0.000000 0.110169 0.000000 0.110169 0.889831
TAGAAAC 0.000000 0.783465 0.000000 0.783465 0.216535
ATCTGGG 0.000000 0.926606 0.000000 0.926606 0.073394
TCTGTCA 0.000000 0.533981 0.000000 0.533981 0.466019
AGCTCGT 0.000000 0.787879 0.000000 0.787879 0.212121
CTGCTAT 0.000000 0.830450 0.000000 0.830450 0.169550
TCTGTCG 0.000000 0.706767 0.000000 0.706767 0.293233
TGCGCTC 0.000000 0.746032 0.000000 0.746032 0.253968
GTGCTCT 0.000000 0.816901 0.000000 0.816901 0.183099
CATCCGA 0.000000 0.625000 0.000000 0.625000 0.375000
GCAGTAC 0.000000 0.898876 0.000000 0.898876 0.101124
CATCCGC 0.000000 0.810811 0.000000 0.810811 0.189189
GATATGC 0.000000 0.324324 0.000000 0.324324 0.675676
TGATCGC 0.000000 0.583333 0.000000 0.583333 0.416667
TCTGTCT 0.000000 0.776114 0.000000 0.776114 0.223886
GCAGTAG 0.000000 0.545455 0.000000 0.545455 0.454545
AGACGTA 0.000000 0.578947 0.000000 0.578947 0.421053
GATATGG 0.000000 0.890625 0.000000 0.890625 0.109375
AGACGTC 0.000000 0.658537 0.000000 0.658537 0.341463
GTACCGT 0.000000 0.327869 0.000000 0.327869 0.672131
ACCATAA 0.000000 0.891304 0.000000 0.891304 0.108696
ACCATAC 0.000000 0.671429 0.000000 0.671429 0.328571
GCAGTAT 0.000000 0.758929 0.000000 0.758929 0.241071
CATCCGT 0.000000 0.693548 0.000000 0.693548 0.306452
TTCGGTT 0.000000 0.793103 0.000000 0.793103 0.206897
GATATGT 0.000000 0.844444 0.000000 0.844444 0.155556
CTCAGCA 0.000000 0.826087 0.000000 0.826087 0.173913
TGATCGT 0.000000 0.851852 0.000000 0.851852 0.148148
GCACATG 0.000000 0.856322 0.000000 0.856322 0.143678
AGACGTT 0.000000 0.852941 0.000000 0.852941 0.147059
TCCTGGG 0.000000 0.758621 0.000000 0.758621 0.241379
CTCAGCG 0.000000 0.865096 0.000000 0.865096 0.134904
GAATGGA 0.000000 0.232558 0.000000 0.232558 0.767442
TATAGCT 0.000000 0.813043 0.000000 0.813043 0.186957
TTAGTTT 0.000000 0.953125 0.000000 0.953125 0.046875
GTAGGAT 0.000000 0.600000 0.000000 0.600000 0.400000
TTGGACA 0.000000 0.949045 0.000000 0.949045 0.050955
ACGTGTA 0.000000 0.271093 0.000000 0.271093 0.728907
ACGTGTC 0.000000 0.157447 0.000000 0.157447 0.842553
ACGTGTG 0.000000 0.840000 0.000000 0.840000 0.160000
TGAACAA 0.000000 0.636364 0.000000 0.636364 0.363636
ATGCTAC 0.000000 0.790698 0.000000 0.790698 0.209302
TGAACAG 0.000000 0.452756 0.000000 0.452756 0.547244
TACAGTA 0.000000 0.818182 0.000000 0.818182 0.181818
TACAGTC 0.000000 0.848780 0.000000 0.848780 0.151220
ATGCTAG 0.000000 0.213675 0.000000 0.213675 0.786325
GTTCCCC 0.000000 0.649446 0.000000 0.649446 0.350554
TACAGTG 0.000000 0.705479 0.000000 0.705479 0.294521
TGTTCCC 0.000000 0.857143 0.000000 0.857143 0.142857
ATGCTAT 0.000000 0.863636 0.000000 0.863636 0.136364
AATGGAT 0.000000 0.437500 0.000000 0.437500 0.562500
CAAGGGC 0.000000 0.181818 0.000000 0.181818 0.818182
GGATCAA 0.000000 0.952381 0.000000 0.952381 0.047619
TAGCTTC 0.000000 0.535581 0.000000 0.535581 0.464419
AATCCGC 0.000000 0.945652 0.000000 0.945652 0.054348
GAGCGAC 0.000000 0.927330 0.000000 0.927330 0.072670
CGTGATA 0.000000 0.541667 0.000000 0.541667 0.458333
AATCCGG 0.000000 0.333333 0.000000 0.333333 0.666667
GTATGAA 0.000000 0.868852 0.000000 0.868852 0.131148
CGTGATC 0.000000 0.555556 0.000000 0.555556 0.444444
GTATGAC 0.000000 0.428571 0.000000 0.428571 0.571429
CGTGATG 0.000000 0.818182 0.000000 0.818182 0.181818
GTATGAG 0.000000 0.427350 0.000000 0.427350 0.572650
TCGCTAG 0.000000 0.111111 0.000000 0.111111 0.888889
CTGCTCG 0.000000 0.421875 0.000000 0.421875 0.578125
GAGCGAT 0.000000 0.409091 0.000000 0.409091 0.590909
TAGCTTT 0.000000 0.984076 0.000000 0.984076 0.015924
GTATGAT 0.000000 0.521739 0.000000 0.521739 0.478261
TAGAACC 0.000000 0.933333 0.000000 0.933333 0.066667
TCTTTCA 0.000000 0.919708 0.000000 0.919708 0.080292
TAGAACG 0.000000 0.387755 0.000000 0.387755 0.612245
TGCTCTA 0.000000 0.617886 0.000000 0.617886 0.382114
TGCTCTC 0.000000 0.930683 0.000000 0.930683 0.069317
TGCTCTG 0.000000 0.622340 0.000000 0.622340 0.377660
GCAGTCA 0.000000 0.709607 0.000000 0.709607 0.290393
GCAGTCG 0.000000 0.380952 0.000000 0.380952 0.619048
CTTCCAT 0.000000 0.876404 0.000000 0.876404 0.123596
CCAGTAT 0.000000 0.854167 0.000000 0.854167 0.145833
ACCATCA 0.000000 0.830065 0.000000 0.830065 0.169935
GAGTACA 0.000000 0.933333 0.000000 0.933333 0.066667
CGAGCAG 0.000000 0.357143 0.000000 0.357143 0.642857
GCAGTCT 0.000000 0.537931 0.000000 0.537931 0.462069
ACCATCG 0.000000 0.608108 0.000000 0.608108 0.391892
GTCAGGA 0.000000 0.098684 0.000000 0.098684 0.901316
GTAGGCA 0.000000 0.472222 0.000000 0.472222 0.527778
GTCAGGC 0.000000 0.474227 0.000000 0.474227 0.525773
AAGGAAA 0.000000 0.966480 0.000000 0.966480 0.033520
ACCATCT 0.000000 0.743363 0.000000 0.743363 0.256637
GAAAGCC 0.000000 0.726744 0.000000 0.726744 0.273256
CTAGGAT 0.000000 0.338983 0.000000 0.338983 0.661017
ATTCCAT 0.000000 0.937500 0.000000 0.937500 0.062500
CAAGTTC 0.000000 0.235294 0.000000 0.235294 0.764706
CAAGTTG 0.000000 0.926174 0.000000 0.926174 0.073826
GTAATGA 0.000000 0.931034 0.000000 0.931034 0.068966
CATATGA 0.000000 0.737500 0.000000 0.737500 0.262500
CATATGC 0.000000 0.777778 0.000000 0.777778 0.222222
GCCATGA 0.000000 0.608911 0.000000 0.608911 0.391089
AGTGATA 0.000000 0.486111 0.000000 0.486111 0.513889
GCCATGC 0.000000 0.642857 0.000000 0.642857 0.357143
AGTGATC 0.000000 0.259259 0.000000 0.259259 0.740741
ATGCTCA 0.000000 0.350000 0.000000 0.350000 0.650000
CAGGACA 0.000000 0.753968 0.000000 0.753968 0.246032
CAGGACC 0.000000 0.904192 0.000000 0.904192 0.095808
CAGGACG 0.000000 1.000000 0.000000 1.000000 0.000000
CATATGT 0.000000 0.923077 0.000000 0.923077 0.076923
TCCAGCA 0.000000 0.938967 0.000000 0.938967 0.061033
ATACCGA 0.000000 0.368421 0.000000 0.368421 0.631579
ATGCTCT 0.000000 0.221239 0.000000 0.221239 0.778761
CAGGACT 0.000000 0.240000 0.000000 0.240000 0.760000
ATACCGG 0.000000 0.953488 0.000000 0.953488 0.046512
ACAGTAC 0.000000 0.707317 0.000000 0.707317 0.292683
ACAGTAG 0.000000 0.195349 0.000000 0.195349 0.804651
GGGCATG 0.000000 0.531250 0.000000 0.531250 0.468750
GAGCGCC 0.000000 0.705882 0.000000 0.705882 0.294118
GAGCGCG 0.000000 0.920455 0.000000 0.920455 0.079545
GTATGCA 0.000000 0.572000 0.000000 0.572000 0.428000
ATACCGT 0.000000 0.746575 0.000000 0.746575 0.253425
ACACATA 0.000000 0.883721 0.000000 0.883721 0.116279
ACACATC 0.000000 0.374150 0.000000 0.374150 0.625850
AATATGT 0.000000 0.890000 0.000000 0.890000 0.110000
AGAGCAC 0.000000 0.608108 0.000000 0.608108 0.391892
TCGCTCG 0.000000 0.806147 0.000000 0.806147 0.193853
ACACATG 0.000000 0.819277 0.000000 0.819277 0.180723
AGAGCAG 0.000000 0.386076 0.000000 0.386076 0.613924
GAGCGCT 0.000000 0.206186 0.000000 0.206186 0.793814
GCCTGCG 0.000000 0.769231 0.000000 0.769231 0.230769
ATAGGAC 0.000000 0.744444 0.000000 0.744444 0.255556
TATCCTA 0.000000 0.443662 0.000000 0.443662 0.556338
GTCATTC 0.000000 0.833333 0.000000 0.833333 0.166667
TCTGTGA 0.000000 0.387850 0.000000 0.387850 0.612150
TCTGTGC 0.000000 0.493750 0.000000 0.493750 0.506250
TGGATAG 0.000000 0.304348 0.000000 0.304348 0.695652
ACCGGAC 0.000000 0.875000 0.000000 0.875000 0.125000
GCCTGCT 0.000000 0.734375 0.000000 0.734375 0.265625
GTGCTGT 0.000000 0.830972 0.000000 0.830972 0.169028
ATAGGAT 0.000000 0.840426 0.000000 0.840426 0.159574
CCAGTCG 0.000000 0.901869 0.000000 0.901869 0.098131
TCTGTGT 0.000000 0.956204 0.000000 0.956204 0.043796
TGTGCGA 0.000000 0.156770 0.000000 0.156770 0.843230
TGTGCGC 0.000000 0.866667 0.000000 0.866667 0.133333
CGATCAA 0.000000 0.994413 0.000000 0.994413 0.005587
CGATCAC 0.000000 0.678049 0.000000 0.678049 0.321951
CAGCGAA 0.000000 0.929825 0.000000 0.929825 0.070175
TAAGGTG 0.000000 0.959184 0.000000 0.959184 0.040816
CGATCAG 0.000000 0.476190 0.000000 0.476190 0.523810
CTCAGGA 0.000000 0.057377 0.000000 0.057377 0.942623
CACTGTA 0.000000 0.333333 0.000000 0.333333 0.666667
CTATGAA 0.000000 0.933333 0.000000 0.933333 0.066667
TCAGGAC 0.000000 0.867347 0.000000 0.867347 0.132653
CTCAGGC 0.000000 0.425676 0.000000 0.425676 0.574324
TATAGGA 0.000000 0.155149 0.000000 0.155149 0.844851
CACTGTC 0.000000 0.666667 0.000000 0.666667 0.333333
TGTGCGT 0.000000 0.394737 0.000000 0.394737 0.605263
ATTTTGA 0.000000 0.625000 0.000000 0.625000 0.375000
CACTGTG 0.000000 0.866667 0.000000 0.866667 0.133333
GCGAGTC 0.000000 0.500000 0.000000 0.500000 0.500000
TAAGGTT 0.000000 0.700000 0.000000 0.700000 0.300000
CGAGCCT 0.000000 0.149425 0.000000 0.149425 0.850575
CAGCGAT 0.000000 0.545455 0.000000 0.545455 0.454545
CTCAGGT 0.000000 0.663462 0.000000 0.663462 0.336538
GCGAGTT 0.000000 0.400000 0.000000 0.400000 0.600000
GTTGGAC 0.000000 0.924138 0.000000 0.924138 0.075862
CGTCGTA 0.000000 0.902214 0.000000 0.902214 0.097786
CGTCGTC 0.000000 0.833333 0.000000 0.833333 0.166667
CGTCGTG 0.000000 0.524272 0.000000 0.524272 0.475728
ATATGAA 0.000000 0.357143 0.000000 0.357143 0.642857
ATATGAG 0.000000 0.812500 0.000000 0.812500 0.187500
AGATCAT 0.000000 0.472222 0.000000 0.472222 0.527778
CAGTACA 0.000000 0.941300 0.000000 0.941300 0.058700
CGCACGA 0.000000 0.554688 0.000000 0.554688 0.445312
AACTGTT 0.000000 0.926136 0.000000 0.926136 0.073864
CGCACGC 0.000000 0.824324 0.000000 0.824324 0.175676
CAGTACG 0.000000 0.236111 0.000000 0.236111 0.763889
AGTCGTA 0.000000 0.474138 0.000000 0.474138 0.525862
AGTCGTC 0.000000 0.907767 0.000000 0.907767 0.092233
AGTCGTG 0.000000 0.859729 0.000000 0.859729 0.140271
ACAGTCA 0.000000 0.911392 0.000000 0.911392 0.088608
ACAGTCG 0.000000 0.637778 0.000000 0.637778 0.362222
TTACCTA 0.000000 0.358974 0.000000 0.358974 0.641026
CTGCTGA 0.000000 0.525316 0.000000 0.525316 0.474684
ACAGTCT 0.000000 0.575862 0.000000 0.575862 0.424138
TACCTAC 0.000000 0.600000 0.000000 0.600000 0.400000
TTTGTTG 0.000000 0.729008 0.000000 0.729008 0.270992
CTCATTA 0.000000 0.766734 0.000000 0.766734 0.233266
GCTCATT 0.000000 0.818182 0.000000 0.818182 0.181818
CTCATTC 0.000000 0.500000 0.000000 0.500000 0.500000
ATCAGGA 0.000000 0.191589 0.000000 0.191589 0.808411
GATAGAC 0.000000 0.560976 0.000000 0.560976 0.439024
ATCAGGC 0.000000 0.398230 0.000000 0.398230 0.601770
GATAGAG 0.000000 0.655172 0.000000 0.655172 0.344828
TCTATAC 0.000000 0.728972 0.000000 0.728972 0.271028
AGCACGT 0.000000 0.522388 0.000000 0.522388 0.477612
TCTTTGC 0.000000 0.702703 0.000000 0.702703 0.297297
TCTATAG 0.000000 0.302632 0.000000 0.302632 0.697368
CCATTCA 0.000000 0.666667 0.000000 0.666667 0.333333
GATAGAT 0.000000 0.639241 0.000000 0.639241 0.360759
TATATTT 0.000000 0.959350 0.000000 0.959350 0.040650
ATCAGGT 0.000000 0.320000 0.000000 0.320000 0.680000
CCATTCG 0.000000 0.294118 0.000000 0.294118 0.705882
GCAGTGC 0.000000 0.610169 0.000000 0.610169 0.389831
GAACCTG 0.000000 0.788820 0.000000 0.788820 0.211180
ATAATGA 0.000000 0.808219 0.000000 0.808219 0.191781
TGTACAC 0.000000 0.697183 0.000000 0.697183 0.302817
GTGGAAG 0.000000 0.876147 0.000000 0.876147 0.123853
CAGCGCA 0.000000 0.250000 0.000000 0.250000 0.750000
ACCATGC 0.000000 0.872549 0.000000 0.872549 0.127451
GCAGTGT 0.000000 0.889831 0.000000 0.889831 0.110169
TCAGGCA 0.000000 0.685897 0.000000 0.685897 0.314103
CAGCGCG 0.000000 0.949580 0.000000 0.949580 0.050420
CCGAGTC 0.000000 0.674797 0.000000 0.674797 0.325203
TCAGGCC 0.000000 0.666667 0.000000 0.666667 0.333333
TCATGAC 0.000000 0.933333 0.000000 0.933333 0.066667
TCAGGCG 0.000000 0.500000 0.000000 0.500000 0.500000
GTAGGGC 0.000000 0.298701 0.000000 0.298701 0.701299
ACCATGT 0.000000 0.777778 0.000000 0.777778 0.222222
TCATGAT 0.000000 0.833333 0.000000 0.833333 0.166667
TTTTTTG 0.000000 0.168591 0.000000 0.168591 0.831409
GGTTCAT 0.000000 0.800687 0.000000 0.800687 0.199313
ATATGCA 0.000000 0.820261 0.000000 0.820261 0.179739
ATATGCC 0.000000 0.647059 0.000000 0.647059 0.352941
ATATGCG 0.000000 0.790960 0.000000 0.790960 0.209040
TTTTTTT 0.000000 0.993859 0.000000 0.993859 0.006141
TGAACGC 0.000000 0.856522 0.000000 0.856522 0.143478
ACCTGCA 0.000000 0.166667 0.000000 0.166667 0.833333
ATGCTGA 0.000000 0.350000 0.000000 0.350000 0.650000
GCCGTTC 0.000000 0.675000 0.000000 0.675000 0.325000
CGGGTCC 0.000000 0.762195 0.000000 0.762195 0.237805
ATCATTC 0.000000 0.275362 0.000000 0.275362 0.724638
GCTGTCA 0.000000 0.951220 0.000000 0.951220 0.048780
TGAACGT 0.000000 0.692308 0.000000 0.692308 0.307692
ACCTGCT 0.000000 0.743455 0.000000 0.743455 0.256545
GATTTTT 0.000000 1.000000 0.000000 1.000000 0.000000
CCTCATA 0.000000 0.826667 0.000000 0.826667 0.173333
ACATTCA 0.000000 0.636364 0.000000 0.636364 0.363636
CGTGCAA 0.000000 0.923077 0.000000 0.923077 0.076923
CCTGTAT 0.000000 0.686275 0.000000 0.686275 0.313725
CCTCATC 0.000000 0.872727 0.000000 0.872727 0.127273
GGATCGC 0.000000 0.928375 0.000000 0.928375 0.071625
CGTGCAG 0.000000 0.844186 0.000000 0.844186 0.155814
ACATTCG 0.000000 0.654639 0.000000 0.654639 0.345361
GCTGTCT 0.000000 0.579439 0.000000 0.579439 0.420561
GCTTTAT 0.000000 0.968992 0.000000 0.968992 0.031008
GGCGCTT 0.000000 0.928726 0.000000 0.928726 0.071274
GGCCAAC 0.000000 0.919540 0.000000 0.919540 0.080460
TCGCTGA 0.000000 0.245902 0.000000 0.245902 0.754098
TACCTCA 0.000000 0.500000 0.000000 0.500000 0.500000
GGATCGT 0.000000 0.941176 0.000000 0.941176 0.058824
TCGCTGG 0.000000 0.935829 0.000000 0.935829 0.064171
TGGGGAT 0.000000 0.923295 0.000000 0.923295 0.076705
GATAGCA 0.000000 0.354167 0.000000 0.354167 0.645833
GGTAATG 0.000000 0.668317 0.000000 0.668317 0.331683
GGTGCCT 0.000000 0.391304 0.000000 0.391304 0.608696
ACGAGTC 0.000000 0.686957 0.000000 0.686957 0.313043
GTAGTTC 0.000000 0.762712 0.000000 0.762712 0.237288
TCTATCA 0.000000 0.590164 0.000000 0.590164 0.409836
TCGCTGT 0.000000 0.155556 0.000000 0.155556 0.844444
TCTATCG 0.000000 0.402778 0.000000 0.402778 0.597222
TCTATCT 0.000000 0.727273 0.000000 0.727273 0.272727
CGAGCGA 0.000000 0.947025 0.000000 0.947025 0.052975
TTTAGCA 0.000000 0.796875 0.000000 0.796875 0.203125
CGAGCGC 0.000000 0.841379 0.000000 0.841379 0.158621
TCATGCA 0.000000 0.637931 0.000000 0.637931 0.362069
TCATGCC 0.000000 0.865854 0.000000 0.865854 0.134146
GTGGACT 0.000000 0.423077 0.000000 0.423077 0.576923
GACAGTA 0.000000 0.750000 0.000000 0.750000 0.250000
GACAGTC 0.000000 0.868132 0.000000 0.868132 0.131868
GTAAGAC 0.000000 0.857143 0.000000 0.857143 0.142857
CGAGCGT 0.000000 0.307692 0.000000 0.307692 0.692308
AGGTTAC 0.000000 0.917355 0.000000 0.917355 0.082645
ACTGTAA 0.000000 0.812500 0.000000 0.812500 0.187500
GACAGTG 0.000000 0.567114 0.000000 0.567114 0.432886
CATAGAC 0.000000 0.603604 0.000000 0.603604 0.396396
GGAACAT 0.000000 0.907801 0.000000 0.907801 0.092199
CATAGAG 0.000000 0.332090 0.000000 0.332090 0.667910
TCATGCT 0.000000 0.440000 0.000000 0.440000 0.560000
CCCGGGT 0.000000 0.361244 0.000000 0.361244 0.638756
ACTCATA 0.000000 0.333333 0.000000 0.333333 0.666667
AGTGCAA 0.000000 0.922500 0.000000 0.922500 0.077500
CATAGAT 0.000000 0.600000 0.000000 0.600000 0.400000
ACTCATC 0.000000 0.896802 0.000000 0.896802 0.103198
AGTGCAC 0.000000 0.938685 0.000000 0.938685 0.061315
ACTCATG 0.000000 0.731034 0.000000 0.731034 0.268966
AGTGCAG 0.000000 0.685950 0.000000 0.685950 0.314050
ACCGGGA 0.000000 0.228220 0.000000 0.228220 0.771780
ACCGGGC 0.000000 0.142857 0.000000 0.142857 0.857143
AATAGAA 0.000000 0.535714 0.000000 0.535714 0.464286
ACTCATT 0.000000 0.951344 0.000000 0.951344 0.048656
GCGCTAG 0.000000 0.126761 0.000000 0.126761 0.873239
CGGTTCA 0.000000 0.611111 0.000000 0.611111 0.388889
AATAGAC 0.000000 0.888889 0.000000 0.888889 0.111111
ACCGGGG 0.000000 0.968750 0.000000 0.968750 0.031250
CCTGTCC 0.000000 0.838710 0.000000 0.838710 0.161290
CGGTTCG 0.000000 0.272727 0.000000 0.272727 0.727273
GTATTTT 0.000000 0.984127 0.000000 0.984127 0.015873
CGCGCTA 0.000000 0.686275 0.000000 0.686275 0.313725
GCGCTAT 0.000000 0.837209 0.000000 0.837209 0.162791
CGCGCTG 0.000000 0.186813 0.000000 0.186813 0.813187
AATAGAT 0.000000 0.310345 0.000000 0.310345 0.689655
CTCGGTA 0.000000 0.194444 0.000000 0.194444 0.805556
CAGTAGT 0.000000 0.869048 0.000000 0.869048 0.130952
GTGCGAA 0.000000 0.500000 0.000000 0.500000 0.500000
TTGCTTA 0.000000 0.836893 0.000000 0.836893 0.163107
ACAGTGA 0.000000 0.373950 0.000000 0.373950 0.626050
CGTGCCA 0.000000 0.437500 0.000000 0.437500 0.562500
ACAGTGC 0.000000 0.407407 0.000000 0.407407 0.592593
CGTTCAC 0.000000 0.206452 0.000000 0.206452 0.793548
GTCTGTA 0.000000 0.569182 0.000000 0.569182 0.430818
GTGCGAG 0.000000 0.268657 0.000000 0.268657 0.731343
ACAGTGG 0.000000 0.325301 0.000000 0.325301 0.674699
GTCTGTC 0.000000 0.726682 0.000000 0.726682 0.273318
ATGGAAC 0.000000 0.903125 0.000000 0.903125 0.096875
GTCTGTG 0.000000 0.750438 0.000000 0.750438 0.249562
AAGTAGA 0.000000 0.821212 0.000000 0.821212 0.178788
CTTGGCG 0.000000 0.925781 0.000000 0.925781 0.074219
GTGCGAT 0.000000 0.629630 0.000000 0.629630 0.370370
CCCTGGC 0.000000 0.390244 0.000000 0.390244 0.609756
AGAGCGA 0.000000 0.473684 0.000000 0.473684 0.526316
ACAGTGT 0.000000 0.728261 0.000000 0.728261 0.271739
CGTTCAT 0.000000 0.400000 0.000000 0.400000 0.600000
AGAGCGC 0.000000 0.804688 0.000000 0.804688 0.195312
ATGGAAT 0.000000 0.264706 0.000000 0.264706 0.735294
CTAGTTC 0.000000 0.471429 0.000000 0.471429 0.528571
ATAGGGA 0.000000 0.371795 0.000000 0.371795 0.628205
AGTTCAA 0.000000 0.857143 0.000000 0.857143 0.142857
AGTTCAG 0.000000 0.068966 0.000000 0.068966 0.931034
CTGGACA 0.000000 0.915888 0.000000 0.915888 0.084112
ATTTGAC 0.000000 0.954198 0.000000 0.954198 0.045802
CTGTAAC 0.000000 0.321429 0.000000 0.321429 0.678571
GTGTACA 0.000000 0.582160 0.000000 0.582160 0.417840
AGTTCAT 0.000000 0.690722 0.000000 0.690722 0.309278
TCTCCGT 0.000000 0.924419 0.000000 0.924419 0.075581
GTGTACG 0.000000 0.677230 0.000000 0.677230 0.322770
CGAACAA 0.000000 0.842105 0.000000 0.842105 0.157895
CGATCGC 0.000000 0.809859 0.000000 0.809859 0.190141
CGAACAC 0.000000 0.750000 0.000000 0.750000 0.250000
CCACCCT 0.000000 0.203947 0.000000 0.203947 0.796053
CGAACAG 0.000000 0.663793 0.000000 0.663793 0.336207
CACAGTA 0.000000 0.727273 0.000000 0.727273 0.272727
CTAAGAA 0.000000 0.594595 0.000000 0.594595 0.405405
CACAGTC 0.000000 0.666667 0.000000 0.666667 0.333333
CTAAGAC 0.000000 0.882353 0.000000 0.882353 0.117647
GTGTACT 0.000000 0.512195 0.000000 0.512195 0.487805
CACAGTG 0.000000 0.241379 0.000000 0.241379 0.758621
AGGTTCA 0.000000 0.810606 0.000000 0.810606 0.189394
CGATCGT 0.000000 0.913043 0.000000 0.913043 0.086957
CGAACAT 0.000000 0.770833 0.000000 0.770833 0.229167
ACTGTCA 0.000000 0.592593 0.000000 0.592593 0.407407
AGGTTCG 0.000000 0.409639 0.000000 0.409639 0.590361
AGCGCTA 0.000000 0.687500 0.000000 0.687500 0.312500
ACTGTCG 0.000000 0.268293 0.000000 0.268293 0.731707
AGCGCTC 0.000000 0.585366 0.000000 0.585366 0.414634
CTAAGAT 0.000000 0.681818 0.000000 0.681818 0.318182
CTTTGCC 0.000000 0.669604 0.000000 0.669604 0.330396
AGCGCTG 0.000000 0.863388 0.000000 0.863388 0.136612
AGATCGA 0.000000 0.394737 0.000000 0.394737 0.605263
TAGGATA 0.000000 0.590909 0.000000 0.590909 0.409091
ATATGGA 0.000000 0.598446 0.000000 0.598446 0.401554
AGCCAAC 0.000000 0.915385 0.000000 0.915385 0.084615
GCGCTCA 0.000000 0.611111 0.000000 0.611111 0.388889
AGATCGT 0.000000 0.967213 0.000000 0.967213 0.032787
CCCTTTG 0.000000 0.212851 0.000000 0.212851 0.787149
GCGCTCG 0.000000 0.806667 0.000000 0.806667 0.193333
AGTGCCT 0.000000 0.146667 0.000000 0.146667 0.853333
GGGATAA 0.000000 0.936170 0.000000 0.936170 0.063830
GGGATAC 0.000000 0.820000 0.000000 0.820000 0.180000
GCTGTGA 0.000000 0.185841 0.000000 0.185841 0.814159
GCTGTGC 0.000000 0.205556 0.000000 0.205556 0.794444
CTCTGTA 0.000000 0.700840 0.000000 0.700840 0.299160
CTCTGTC 0.000000 0.706731 0.000000 0.706731 0.293269
ACAATAC 0.000000 0.812500 0.000000 0.812500 0.187500
GGGATAT 0.000000 0.991597 0.000000 0.991597 0.008403
GTGCGCG 0.000000 0.790698 0.000000 0.790698 0.209302
ATGGACC 0.000000 0.785714 0.000000 0.785714 0.214286
ATGGACG 0.000000 0.927273 0.000000 0.927273 0.072727
CTGCGAT 0.000000 0.884422 0.000000 0.884422 0.115578
GTGCGCT 0.000000 0.450935 0.000000 0.450935 0.549065
CGTTCCT 0.000000 0.497382 0.000000 0.497382 0.502618
ATGGACT 0.000000 0.320513 0.000000 0.320513 0.679487
GATAGGA 0.000000 0.387097 0.000000 0.387097 0.612903
TCAGTTC 0.000000 0.246154 0.000000 0.246154 0.753846
GCAGGAC 0.000000 1.000000 0.000000 1.000000 0.000000
CGCCACT 0.000000 0.800000 0.000000 0.800000 0.200000
AGAACAG 0.000000 0.914894 0.000000 0.914894 0.085106
ATAAGAA 0.000000 0.918367 0.000000 0.918367 0.081633
AACAGTC 0.000000 0.880645 0.000000 0.880645 0.119355
ATAAGAC 0.000000 0.643750 0.000000 0.643750 0.356250
TACCTGT 0.000000 0.892857 0.000000 0.892857 0.107143
TAGTATA 0.000000 0.921569 0.000000 0.921569 0.078431
AGAACAT 0.000000 0.384615 0.000000 0.384615 0.615385
TAGTATC 0.000000 0.360000 0.000000 0.360000 0.640000
TGAGCTA 0.000000 0.666667 0.000000 0.666667 0.333333
CCAATCA 0.000000 0.522727 0.000000 0.522727 0.477273
TGAGCTC 0.000000 0.360000 0.000000 0.360000 0.640000
TAGTATG 0.000000 0.717391 0.000000 0.717391 0.282609
CCAATCC 0.000000 0.933333 0.000000 0.933333 0.066667
TGAGCTG 0.000000 0.562044 0.000000 0.562044 0.437956
TGTACGA 0.000000 0.892683 0.000000 0.892683 0.107317
TGTACGC 0.000000 0.545455 0.000000 0.545455 0.454545
TGTACGG 0.000000 0.500000 0.000000 0.500000 0.500000
TGACAAA 0.000000 1.000000 0.000000 1.000000 0.000000
CGAACCA 0.000000 0.494340 0.000000 0.494340 0.505660
ACGCTAC 0.000000 0.319328 0.000000 0.319328 0.680672
ATATTTG 0.000000 0.638889 0.000000 0.638889 0.361111
CGAACCG 0.000000 0.299065 0.000000 0.299065 0.700935
ACGCTAG 0.000000 0.226667 0.000000 0.226667 0.773333
TCAAGAC 0.000000 0.900498 0.000000 0.900498 0.099502
TGTACGT 0.000000 0.510870 0.000000 0.510870 0.489130
AAGAACA 0.000000 0.941379 0.000000 0.941379 0.058621
CGAACCT 0.000000 0.313725 0.000000 0.313725 0.686275
AGGCCAA 0.000000 0.910920 0.000000 0.910920 0.089080
GGTTCGC 0.000000 0.480000 0.000000 0.480000 0.520000
AGCTCTA 0.000000 0.229167 0.000000 0.229167 0.770833
GGTTCGG 0.000000 1.000000 0.000000 1.000000 0.000000
ATGCGAC 0.000000 0.380952 0.000000 0.380952 0.619048
AGGGTGT 0.000000 0.319672 0.000000 0.319672 0.680328
ATGCGAG 0.000000 0.121951 0.000000 0.121951 0.878049
ATCTGTC 0.000000 0.885484 0.000000 0.885484 0.114516
AGGCCAT 0.000000 0.354839 0.000000 0.354839 0.645161
ATCTGTG 0.000000 0.345865 0.000000 0.345865 0.654135
GGTTCGT 0.000000 0.692982 0.000000 0.692982 0.307018
ATGCGAT 0.000000 0.864407 0.000000 0.864407 0.135593
CCGCTCG 0.000000 0.452381 0.000000 0.452381 0.547619
TCGGACC 0.000000 0.905983 0.000000 0.905983 0.094017
GACCTAC 0.000000 0.666667 0.000000 0.666667 0.333333
TGATCTA 0.000000 0.654135 0.000000 0.654135 0.345865
CATCCTC 0.000000 0.924242 0.000000 0.924242 0.075758
TGATCTC 0.000000 0.806849 0.000000 0.806849 0.193151
TAGCGTA 0.000000 0.371429 0.000000 0.371429 0.628571
CCTGTGC 0.000000 0.604839 0.000000 0.604839 0.395161
TAGCGTC 0.000000 0.454545 0.000000 0.454545 0.545455
CGGATAG 0.000000 0.173913 0.000000 0.173913 0.826087
TAGCGTG 0.000000 0.735294 0.000000 0.735294 0.264706
GGGATCG 0.000000 0.928571 0.000000 0.928571 0.071429
GCTATAC 0.000000 0.261905 0.000000 0.261905 0.738095
CGGATAT 0.000000 0.584906 0.000000 0.584906 0.415094
CGTGCGA 0.000000 0.416667 0.000000 0.416667 0.583333
ACAATCC 0.000000 0.173913 0.000000 0.173913 0.826087
GCTATAT 0.000000 0.566667 0.000000 0.566667 0.433333
CTGCGCT 0.000000 0.640678 0.000000 0.640678 0.359322
ATGTACG 0.000000 0.675532 0.000000 0.675532 0.324468
GAATGTA 0.000000 0.491071 0.000000 0.491071 0.508929
TCCTGTT 0.000000 0.732143 0.000000 0.732143 0.267857
GAATGTC 0.000000 0.666667 0.000000 0.666667 0.333333
CGTGCGT 0.000000 0.578431 0.000000 0.578431 0.421569
GAATGTG 0.000000 0.950820 0.000000 0.950820 0.049180
ATGTACT 0.000000 0.428571 0.000000 0.428571 0.571429
GCATGAG 0.000000 0.763407 0.000000 0.763407 0.236593
AGAACCT 0.000000 0.708661 0.000000 0.708661 0.291339
GCATGAT 0.000000 0.932308 0.000000 0.932308 0.067692
TCGTACA 0.000000 0.884615 0.000000 0.884615 0.115385
CCACCGA 0.000000 0.145833 0.000000 0.145833 0.854167
GTTTTTC 0.000000 0.142626 0.000000 0.142626 0.857374
TCGTACG 0.000000 0.592308 0.000000 0.592308 0.407692
GTGTAGA 0.000000 0.315678 0.000000 0.315678 0.684322
GTGTAGC 0.000000 0.829268 0.000000 0.829268 0.170732
GTGTAGG 0.000000 0.432432 0.000000 0.432432 0.567568
TGACACA 0.000000 0.884956 0.000000 0.884956 0.115044
ACGCTCA 0.000000 0.552239 0.000000 0.552239 0.447761
CTGGAGT 0.000000 0.876543 0.000000 0.876543 0.123457
GTGTAGT 0.000000 0.867003 0.000000 0.867003 0.132997
AGGATAC 0.000000 0.625000 0.000000 0.625000 0.375000
CATAGGA 0.000000 0.128205 0.000000 0.128205 0.871795
ACTGTGC 0.000000 0.301887 0.000000 0.301887 0.698113
AGGATAG 0.000000 0.867925 0.000000 0.867925 0.132075
GGAACGT 0.000000 0.619048 0.000000 0.619048 0.380952
CATAGGG 0.000000 0.995726 0.000000 0.995726 0.004274
ATGCGCA 0.000000 0.355191 0.000000 0.355191 0.644809
AGGATAT 0.000000 0.753425 0.000000 0.753425 0.246575
ATGCGCG 0.000000 0.937063 0.000000 0.937063 0.062937
AGTGCGA 0.000000 0.201807 0.000000 0.201807 0.798193
AGTGCGG 0.000000 0.393617 0.000000 0.393617 0.606383
GCGCTGA 0.000000 0.864130 0.000000 0.864130 0.135870
GACCTCA 0.000000 0.494949 0.000000 0.494949 0.505051
TACGAAC 0.000000 0.378378 0.000000 0.378378 0.621622
ACAGGAC 0.000000 0.729911 0.000000 0.729911 0.270089
GACCTCG 0.000000 0.445783 0.000000 0.445783 0.554217
CGGATCA 0.000000 0.666667 0.000000 0.666667 0.333333
CGGATCG 0.000000 0.440000 0.000000 0.440000 0.560000
TACGAAT 0.000000 0.307692 0.000000 0.307692 0.692308
CCTATAG 0.000000 0.602787 0.000000 0.602787 0.397213
GCTATCA 0.000000 0.815714 0.000000 0.815714 0.184286
GCGCTGT 0.000000 0.400000 0.000000 0.400000 0.600000
GGGCCGA 0.000000 0.348837 0.000000 0.348837 0.651163
TCGCGCA 0.000000 0.607306 0.000000 0.607306 0.392694
TCGCGCC 0.000000 0.448718 0.000000 0.448718 0.551282
ACAGGAT 0.000000 0.868421 0.000000 0.868421 0.131579
GGCACTC 0.000000 0.850047 0.000000 0.850047 0.149953
CAGAAGT 0.000000 0.835833 0.000000 0.835833 0.164167
GTGCGGA 0.000000 0.076923 0.000000 0.076923 0.923077
CCTTTGT 0.000000 0.743243 0.000000 0.743243 0.256757
GTCAGTA 0.000000 0.890000 0.000000 0.890000 0.110000
CGTACAC 0.000000 0.529412 0.000000 0.529412 0.470588
GTCAGTC 0.000000 0.644444 0.000000 0.644444 0.355556
ACACCGA 0.000000 0.840708 0.000000 0.840708 0.159292
GCTATCT 0.000000 0.748879 0.000000 0.748879 0.251121
CGTACAG 0.000000 0.276596 0.000000 0.276596 0.723404
GTCAGTG 0.000000 0.845921 0.000000 0.845921 0.154079
TCTGGGC 0.000000 0.691756 0.000000 0.691756 0.308244
TCGCGCT 0.000000 0.047244 0.000000 0.047244 0.952756
ACACCGG 0.000000 0.437500 0.000000 0.437500 0.562500
CTTAGAG 0.000000 0.785714 0.000000 0.785714 0.214286
CCATGAA 0.000000 0.871429 0.000000 0.871429 0.128571
CGTTCGT 0.000000 0.842105 0.000000 0.842105 0.157895
GTCAGTT 0.000000 0.644444 0.000000 0.644444 0.355556
GCATGCA 0.000000 0.808594 0.000000 0.808594 0.191406
AGTTCGA 0.000000 0.669935 0.000000 0.669935 0.330065
GCATGCT 0.000000 0.733728 0.000000 0.733728 0.266272
CCCCCTG 0.000000 0.132762 0.000000 0.132762 0.867238
CTACCTT 0.000000 0.584507 0.000000 0.584507 0.415493
CTGTAGC 0.000000 0.912226 0.000000 0.912226 0.087774
GTGAACA 0.000000 0.678571 0.000000 0.678571 0.321429
AGTTCGT 0.000000 0.933333 0.000000 0.933333 0.066667
CCCCCTT 0.000000 0.210198 0.000000 0.210198 0.789802
GTGAACG 0.000000 0.714286 0.000000 0.714286 0.285714
CGAACGA 0.000000 0.500000 0.000000 0.500000 0.500000
CTTTTTT 0.000000 0.909091 0.000000 0.909091 0.090909
CGAACGC 0.000000 0.833333 0.000000 0.833333 0.166667
AACCTAA 0.000000 0.500000 0.000000 0.500000 0.500000
CTGTAGT 0.000000 0.680000 0.000000 0.680000 0.320000
ATACCTC 0.000000 0.866667 0.000000 0.866667 0.133333
ATACCTG 0.000000 0.578947 0.000000 0.578947 0.421053
CGAACGT 0.000000 0.761538 0.000000 0.761538 0.238462
ACTATAC 0.000000 0.150000 0.000000 0.150000 0.850000
ACTTTGC 0.000000 0.853659 0.000000 0.853659 0.146341
TAGGCAA 0.000000 0.550000 0.000000 0.550000 0.450000
CTAAGGT 0.000000 0.779904 0.000000 0.779904 0.220096
CGGGGAC 0.000000 0.428571 0.000000 0.428571 0.571429
ACTATAT 0.000000 0.951220 0.000000 0.951220 0.048780
AGTACAC 0.000000 0.822511 0.000000 0.822511 0.177489
GCTGGAC 0.000000 0.956989 0.000000 0.956989 0.043011
AGTACAG 0.000000 0.743191 0.000000 0.743191 0.256809
CCGCTGC 0.000000 0.757009 0.000000 0.757009 0.242991
ATTAGAA 0.000000 0.970588 0.000000 0.970588 0.029412
AAATGTG 0.000000 0.885375 0.000000 0.885375 0.114625
ACAGGCA 0.000000 0.704545 0.000000 0.704545 0.295455
TACGACG 0.000000 0.988372 0.000000 0.988372 0.011628
AGTACAT 0.000000 0.567568 0.000000 0.567568 0.432432
ACAGGCG 0.000000 0.692308 0.000000 0.692308 0.307692
TGTGCTA 0.000000 0.353383 0.000000 0.353383 0.646617
ACATGAG 0.000000 0.758621 0.000000 0.758621 0.241379
TGTGCTC 0.000000 0.438202 0.000000 0.438202 0.561798
GGGATGG 0.000000 0.851852 0.000000 0.851852 0.148148
CTGCGGA 0.000000 0.310606 0.000000 0.310606 0.689394
ACATGAT 0.000000 0.874214 0.000000 0.874214 0.125786
CTCAGTA 0.000000 0.600000 0.000000 0.600000 0.400000
CTGCGGG 0.000000 0.666667 0.000000 0.666667 0.333333
CTCAGTC 0.000000 0.500000 0.000000 0.500000 0.500000
CGTACCA 0.000000 0.250000 0.000000 0.250000 0.750000
TATAGTC 0.000000 0.777542 0.000000 0.777542 0.222458
ATTTTTC 0.000000 0.347368 0.000000 0.347368 0.652632
CTCAGTG 0.000000 0.577035 0.000000 0.577035 0.422965
TATAGTG 0.000000 0.507937 0.000000 0.507937 0.492063
ATGTAGA 0.000000 0.312500 0.000000 0.312500 0.687500
CGTACCG 0.000000 0.641026 0.000000 0.641026 0.358974
TCTTGGC 0.000000 0.905380 0.000000 0.905380 0.094620
TCTAGAC 0.000000 0.470588 0.000000 0.470588 0.529412
ATGTAGG 0.000000 0.493976 0.000000 0.493976 0.506024
TCTAGAG 0.000000 0.266667 0.000000 0.266667 0.733333
CCATGCC 0.000000 0.813559 0.000000 0.813559 0.186441
TAACTAA 0.000000 0.944700 0.000000 0.944700 0.055300
AGAACGC 0.000000 0.800000 0.000000 0.800000 0.200000
AGAACGG 0.000000 0.818182 0.000000 0.818182 0.181818
TAGTCAA 0.000000 0.250000 0.000000 0.250000 0.750000
ATGTAGT 0.000000 0.835206 0.000000 0.835206 0.164794
TCTAGAT 0.000000 0.606557 0.000000 0.606557 0.393443
ATAAGGC 0.000000 0.506024 0.000000 0.506024 0.493976
TAGTCAG 0.000000 0.668359 0.000000 0.668359 0.331641
ACCAGGG 0.000000 0.818182 0.000000 0.818182 0.181818
TAGTCAT 0.000000 0.776119 0.000000 0.776119 0.223881
ATAAGGT 0.000000 0.290323 0.000000 0.290323 0.709677
TCGTAGA 0.000000 0.916667 0.000000 0.916667 0.083333
CACCTCT 0.000000 0.916667 0.000000 0.916667 0.083333
TCGTAGC 0.000000 0.728448 0.000000 0.728448 0.271552
CGCACTA 0.000000 0.920000 0.000000 0.920000 0.080000
TCGTAGG 0.000000 0.387755 0.000000 0.387755 0.612245
CGCACTC 0.000000 0.588235 0.000000 0.588235 0.411765
TACTACG 0.000000 0.495913 0.000000 0.495913 0.504087
TACCGAA 0.000000 0.333333 0.000000 0.333333 0.666667
CGCACTG 0.000000 0.608696 0.000000 0.608696 0.391304
TGTTCTC 0.000000 0.947368 0.000000 0.947368 0.052632
ACGCTGA 0.000000 0.444444 0.000000 0.444444 0.555556
TCGTAGT 0.000000 0.988024 0.000000 0.988024 0.011976
ACGCTGC 0.000000 0.950000 0.000000 0.950000 0.050000
TACTACT 0.000000 0.875000 0.000000 0.875000 0.125000
TCAAGGC 0.000000 0.229508 0.000000 0.229508 0.770492
GTTCCTT 0.000000 0.586777 0.000000 0.586777 0.413223
TCAAGGG 0.000000 0.888889 0.000000 0.888889 0.111111
TTTTGTG 0.000000 0.151961 0.000000 0.151961 0.848039
TGTCACA 0.000000 0.742515 0.000000 0.742515 0.257485
TGACAGT 0.000000 0.549020 0.000000 0.549020 0.450980
ACTATCA 0.000000 0.951049 0.000000 0.951049 0.048951
AGGCCGA 0.000000 0.388889 0.000000 0.388889 0.611111
TGTCACG 0.000000 0.106918 0.000000 0.106918 0.893082
AGCACTA 0.000000 0.473684 0.000000 0.473684 0.526316
TAGGCCA 0.000000 0.792056 0.000000 0.792056 0.207944
ACTATCG 0.000000 0.761628 0.000000 0.761628 0.238372
AGCACTC 0.000000 0.314286 0.000000 0.314286 0.685714
GGACAAA 0.000000 0.859155 0.000000 0.859155 0.140845
ATGCGGA 0.000000 0.256757 0.000000 0.256757 0.743243
AGCACTG 0.000000 0.319149 0.000000 0.319149 0.680851
TGTCACT 0.000000 0.564103 0.000000 0.564103 0.435897
ATCAGTA 0.000000 0.625000 0.000000 0.625000 0.375000
GGACAAG 0.000000 0.292135 0.000000 0.292135 0.707865
ATCAGTC 0.000000 0.740741 0.000000 0.740741 0.259259
CGGTGAG 0.000000 0.423077 0.000000 0.423077 0.576923
ACTATCT 0.000000 0.354680 0.000000 0.354680 0.645320
ATCAGTG 0.000000 0.817901 0.000000 0.817901 0.182099
TAGAATG 0.000000 0.347826 0.000000 0.347826 0.652174
ATTAGCA 0.000000 0.934307 0.000000 0.934307 0.065693
GGACAAT 0.000000 0.913706 0.000000 0.913706 0.086294
CGGGGCT 0.000000 0.600000 0.000000 0.600000 0.400000
GACCTGC 0.000000 0.725000 0.000000 0.725000 0.275000
TGCGTAG 0.000000 0.550000 0.000000 0.550000 0.450000
ACATGCA 0.000000 0.869110 0.000000 0.869110 0.130890
ACATGCC 0.000000 0.764706 0.000000 0.764706 0.235294
ACATGCG 0.000000 0.893491 0.000000 0.893491 0.106509
TGCGTAT 0.000000 0.740741 0.000000 0.740741 0.259259
GCTATGA 0.000000 0.459459 0.000000 0.459459 0.540541
TGCCATC 0.000000 0.807692 0.000000 0.807692 0.192308
GAGTATA 0.000000 0.912621 0.000000 0.912621 0.087379
TCGCGGA 0.000000 0.214286 0.000000 0.214286 0.785714
GAGTATC 0.000000 0.415385 0.000000 0.415385 0.584615
ACCATTC 0.000000 0.802632 0.000000 0.802632 0.197368
TGCCATG 0.000000 0.717391 0.000000 0.717391 0.282609
ACATGCT 0.000000 0.769231 0.000000 0.769231 0.230769
GAGTATG 0.000000 0.553191 0.000000 0.553191 0.446809
CGGATGT 0.000000 0.529412 0.000000 0.529412 0.470588
GCGGACC 0.000000 0.824561 0.000000 0.824561 0.175439
GCGTAAC 0.000000 0.772727 0.000000 0.772727 0.227273
ATGAACA 0.000000 0.790123 0.000000 0.790123 0.209877
ATGAACG 0.000000 0.689474 0.000000 0.689474 0.310526
TCTAGCG 0.000000 0.838384 0.000000 0.838384 0.161616
GCGGACT 0.000000 0.733333 0.000000 0.733333 0.266667
GCATGGA 0.000000 0.120000 0.000000 0.120000 0.880000
GTAGGTT 0.000000 0.750000 0.000000 0.750000 0.250000
ATGAACT 0.000000 0.272727 0.000000 0.272727 0.727273
GCAAGAC 0.000000 0.451807 0.000000 0.451807 0.548193
TCTAGCT 0.000000 0.177778 0.000000 0.177778 0.822222
CCAGGGT 0.000000 0.250633 0.000000 0.250633 0.749367
GCAAGAT 0.000000 0.411765 0.000000 0.411765 0.588235
TGAACTC 0.000000 0.187500 0.000000 0.187500 0.812500
CAGGATA 0.000000 0.925926 0.000000 0.925926 0.074074
TTGTATT 0.000000 0.761905 0.000000 0.761905 0.238095
ATGCTTC 0.000000 0.778947 0.000000 0.778947 0.221053
ACTGGAC 0.000000 0.400000 0.000000 0.400000 0.600000
ACTGGAG 0.000000 0.251142 0.000000 0.251142 0.748858
GAGCGTA 0.000000 0.187500 0.000000 0.187500 0.812500
GTATGTA 0.000000 0.653740 0.000000 0.653740 0.346260
GTATGTC 0.000000 0.287770 0.000000 0.287770 0.712230
GCGCGAA 0.000000 0.424242 0.000000 0.424242 0.575758
GCGCGAC 0.000000 0.948454 0.000000 0.948454 0.051546
GTATGTG 0.000000 0.481481 0.000000 0.481481 0.518519
ACTCCGC 0.000000 0.476190 0.000000 0.476190 0.523810
CGGTGCC 0.000000 0.867925 0.000000 0.867925 0.132075
GCCTGTG 0.000000 0.555556 0.000000 0.555556 0.444444
ACTCCGT 0.000000 0.657143 0.000000 0.657143 0.342857
TACGAGA 0.000000 0.904762 0.000000 0.904762 0.095238
GTCCTAG 0.000000 0.752525 0.000000 0.752525 0.247475
TCGAACA 0.000000 0.666667 0.000000 0.666667 0.333333
GGACACT 0.000000 0.487805 0.000000 0.487805 0.512195
TACGAGC 0.000000 0.256757 0.000000 0.256757 0.743243
TCGAACC 0.000000 0.918239 0.000000 0.918239 0.081761
ACAGGGA 0.000000 0.079657 0.000000 0.079657 0.920343
CCTGGCT 0.000000 0.364865 0.000000 0.364865 0.635135
TCGAACG 0.000000 0.769231 0.000000 0.769231 0.230769
ACAGGGC 0.000000 0.358664 0.000000 0.358664 0.641336
TGCTTAG 0.000000 0.795591 0.000000 0.795591 0.204409
GCATTTA 0.000000 0.854545 0.000000 0.854545 0.145455
GCTTGCT 0.000000 0.877797 0.000000 0.877797 0.122203
GCATTTG 0.000000 0.399504 0.000000 0.399504 0.600496
TGCGTCT 0.000000 0.394737 0.000000 0.394737 0.605263
TCGAACT 0.000000 0.876289 0.000000 0.876289 0.123711
CCGTAAC 0.000000 0.244898 0.000000 0.244898 0.755102
CGTACGA 0.000000 0.489796 0.000000 0.489796 0.510204
CCGTAAG 0.000000 0.479592 0.000000 0.479592 0.520408
CGTACGC 0.000000 0.473684 0.000000 0.473684 0.526316
CGACAAA 0.000000 0.858491 0.000000 0.858491 0.141509
CTTAGGC 0.000000 0.573071 0.000000 0.573071 0.426929
CGACAAG 0.000000 0.542857 0.000000 0.542857 0.457143
CGTACGT 0.000000 0.718447 0.000000 0.718447 0.281553
GCAAGCA 0.000000 0.484848 0.000000 0.484848 0.515152
TTCGAAC 0.000000 0.954545 0.000000 0.954545 0.045455
AGACAAA 0.000000 0.955224 0.000000 0.955224 0.044776
ACCGGTC 0.000000 0.927835 0.000000 0.927835 0.072165
TACTAGA 0.000000 0.666667 0.000000 0.666667 0.333333
CAGTATA 0.000000 0.681818 0.000000 0.681818 0.318182
ACCGGTG 0.000000 0.831858 0.000000 0.831858 0.168142
AGACAAG 0.000000 0.243697 0.000000 0.243697 0.756303
CAGTATC 0.000000 0.974026 0.000000 0.974026 0.025974
TACTAGG 0.000000 0.320000 0.000000 0.320000 0.680000
