AGG 0.544906 0.192184 0.000000 0.262910
CGA 0.000000 0.108372 0.650347 0.241281
TCC 0.287787 0.000000 0.178581 0.533632
TGA 0.000000 0.140949 0.648020 0.211031
CAG 0.689496 0.116129 0.000000 0.194376
GCT 0.183703 0.656451 0.159845 0.000000
ATA 0.000000 0.149912 0.739337 0.110751
TAG 0.667351 0.108433 0.000000 0.224216
GTG 0.608583 0.173441 0.000000 0.217975
AGC 0.270180 0.000000 0.213757 0.516063
CAC 0.237425 0.000000 0.242529 0.520045
CGT 0.226592 0.547092 0.226316 0.000000
TAC 0.298517 0.000000 0.156336 0.545148
ACA 0.000000 0.167899 0.619804 0.212297
GCG 0.579980 0.171905 0.000000 0.248115
GTC 0.159097 0.000000 0.210911 0.629993
TGT 0.251416 0.505750 0.242834 0.000000
GAA 0.000000 0.221447 0.505339 0.273214
ATT 0.165124 0.564340 0.270536 0.000000
CTA 0.000000 0.160149 0.679483 0.160369
CGG 0.540574 0.240091 0.000000 0.219335
GCC 0.206799 0.000000 0.127351 0.665850
TGG 0.556913 0.222759 0.000000 0.220328
ACT 0.186942 0.706480 0.106578 0.000000
CCA 0.000000 0.333827 0.454680 0.211493
ATG 0.654658 0.202239 0.000000 0.143103
AAA 0.000000 0.251267 0.562517 0.186216
GAT 0.172197 0.588326 0.239477 0.000000
CGC 0.168148 0.000000 0.180404 0.651448
TTA 0.000000 0.202466 0.562963 0.234571
CTT 0.257458 0.441269 0.301273 0.000000
TGC 0.222061 0.000000 0.200778 0.577161
GGA 0.000000 0.270140 0.410123 0.319737
ACG 0.595169 0.189045 0.000000 0.215786
ATC 0.199381 0.000000 0.214147 0.586472
GAG 0.539460 0.159090 0.000000 0.301450
TCA 0.000000 0.190486 0.551118 0.258396
CCT 0.212330 0.640223 0.147447 0.000000
AAT 0.229333 0.573724 0.196943 0.000000
CTG 0.515323 0.288027 0.000000 0.196650
TTT 0.206786 0.434861 0.358353 0.000000
ACC 0.219884 0.000000 0.153387 0.626729
GAC 0.183367 0.000000 0.142915 0.673719
GGT 0.325696 0.440628 0.233676 0.000000
AGA 0.000000 0.169501 0.590819 0.239679
CCG 0.702691 0.143197 0.000000 0.154111
CTC 0.224901 0.000000 0.257515 0.517585
AAG 0.608567 0.169484 0.000000 0.221948
CAA 0.000000 0.234986 0.593121 0.171893
TCT 0.219855 0.654130 0.126015 0.000000
TTG 0.390481 0.273586 0.000000 0.335934
TAA 0.000000 0.277338 0.458939 0.263724
GTA 0.000000 0.191860 0.677519 0.130621
GGG 0.530139 0.263733 0.000000 0.206128
CCC 0.274852 0.000000 0.168595 0.556553
AAC 0.308410 0.000000 0.243979 0.447611
AGT 0.216087 0.563569 0.220344 0.000000
TTC 0.142762 0.000000 0.200465 0.656773
TCG 0.670932 0.153571 0.000000 0.175497
GCA 0.000000 0.171226 0.635121 0.193652
CAT 0.183801 0.605725 0.210474 0.000000
GGC 0.280958 0.000000 0.226408 0.492634
TAT 0.270287 0.434299 0.295414 0.000000
GTT 0.167874 0.611585 0.220540 0.000000
