AAA 0.000000 0.915914 0.000000 0.915914 0.084086
AAC 0.000000 0.623092 0.000000 0.623092 0.376908
ATA 0.000000 0.816250 0.000000 0.816250 0.183750
ATC 0.000000 0.667548 0.000000 0.667548 0.332452
AAG 0.000000 0.543766 0.000000 0.543766 0.456234
ACA 0.000000 0.836513 0.000000 0.836513 0.163487
ACC 0.000000 0.796396 0.000000 0.796396 0.203604
ATG 0.000000 0.602821 0.000000 0.602821 0.397179
ACG 0.000000 0.506310 0.000000 0.506310 0.493690
AAT 0.000000 0.447972 0.000000 0.447972 0.552028
AGA 0.000000 0.646324 0.000000 0.646324 0.353676
ATT 0.000000 0.893918 0.000000 0.893918 0.106082
AGC 0.000000 0.706946 0.000000 0.706946 0.293054
TAA 0.000000 0.713120 0.000000 0.713120 0.286880
ACT 0.000000 0.549937 0.000000 0.549937 0.450063
TAC 0.000000 0.567832 0.000000 0.567832 0.432168
TTA 0.000000 0.590682 0.000000 0.590682 0.409318
AGG 0.000000 0.675790 0.000000 0.675790 0.324210
TTC 0.000000 0.486549 0.000000 0.486549 0.513451
TAG 0.000000 0.559595 0.000000 0.559595 0.440405
TCA 0.000000 0.615316 0.000000 0.615316 0.384684
TCC 0.000000 0.762356 0.000000 0.762356 0.237644
TTG 0.000000 0.316730 0.000000 0.316730 0.683270
TCG 0.000000 0.473883 0.000000 0.473883 0.526117
AGT 0.000000 0.695053 0.000000 0.695053 0.304947
GAA 0.000000 0.743745 0.000000 0.743745 0.256255
TAT 0.000000 0.829312 0.000000 0.829312 0.170688
GAC 0.000000 0.720801 0.000000 0.720801 0.279199
GTA 0.000000 0.531404 0.000000 0.531404 0.468596
TGA 0.000000 0.439551 0.000000 0.439551 0.560449
TTT 0.000000 0.926883 0.000000 0.926883 0.073117
GTC 0.000000 0.660830 0.000000 0.660830 0.339170
TGC 0.000000 0.569123 0.000000 0.569123 0.430877
GAG 0.000000 0.507861 0.000000 0.507861 0.492139
GCA 0.000000 0.612815 0.000000 0.612815 0.387185
GCC 0.000000 0.739335 0.000000 0.739335 0.260665
TCT 0.000000 0.642641 0.000000 0.642641 0.357359
GTG 0.000000 0.760421 0.000000 0.760421 0.239579
TGG 0.000000 0.766313 0.000000 0.766313 0.233687
GCG 0.000000 0.785894 0.000000 0.785894 0.214106
CAA 0.000000 0.879951 0.000000 0.879951 0.120049
CAC 0.000000 0.707605 0.000000 0.707605 0.292395
CTA 0.000000 0.589931 0.000000 0.589931 0.410069
GAT 0.000000 0.563719 0.000000 0.563719 0.436281
CTC 0.000000 0.687377 0.000000 0.687377 0.312623
GGA 0.000000 0.244290 0.000000 0.244290 0.755710
CAG 0.000000 0.420800 0.000000 0.420800 0.579200
GTT 0.000000 0.787396 0.000000 0.787396 0.212604
CCA 0.000000 0.443224 0.000000 0.443224 0.556776
GGC 0.000000 0.552369 0.000000 0.552369 0.447631
TGT 0.000000 0.854371 0.000000 0.854371 0.145629
CCC 0.000000 0.936887 0.000000 0.936887 0.063113
CTG 0.000000 0.507296 0.000000 0.507296 0.492704
GCT 0.000000 0.531522 0.000000 0.531522 0.468478
GGG 0.000000 0.884913 0.000000 0.884913 0.115087
CCG 0.000000 0.360915 0.000000 0.360915 0.639085
CAT 0.000000 0.613744 0.000000 0.613744 0.386256
CGA 0.000000 0.512652 0.000000 0.512652 0.487348
CTT 0.000000 0.645246 0.000000 0.645246 0.354754
CGC 0.000000 0.842762 0.000000 0.842762 0.157238
GGT 0.000000 0.490489 0.000000 0.490489 0.509511
CCT 0.000000 0.379526 0.000000 0.379526 0.620474
CGG 0.000000 0.659045 0.000000 0.659045 0.340955
CGT 0.000000 0.676811 0.000000 0.676811 0.323189
AVG 0.000000 0.640943 0.000000 0.640943 0.359057
